 858
 544
 489
 420
 410
-226
-643
 -18
 896
-634
 904
-383
  48
  -3
 -74
 375
 323
 391
-551
-566
 186
 754
 -85
 827
-802
-573
  55
 262
 111
-266
 911
-154
 552
 193
  86
-823
 507
 711
-796
-586
 548
-690
 810
 -62
 500
-251
-308
-820
 763
  27
-979
-720
 816
-971
-574
 962
 653
 409
 272
 105
 219
 709
-627
-315
 506
 934
-458
 541
-237
 463
-610
 779
-307
-268
 348
-897
-594
 948
 -13
-531
 242
 519
-793
-747
-368
-836
-402
   3
-117
-996
-579
-604
 437
 458
 520
-195
-821
-874
 167
-322
-668
 -97
 830
 688
 431
-453
-449
-843
-377
   7
 724
 494
-986
 329
 -72
 757
-331
 792
-670
 559
-756
 894
-887
 197
-997
  71
 771
-312
 872
 228
 -15
 509
-819
-139
-253
-234
 426
 274
-948
 189
 784
 739
 324
-247
 951
 886
-645
 -26
-623
 510
 477
-171
-114
 698
-561
 100
-710
 270
 895
 109
  80
-640
 528
 -63
  47
-194
-327
 -40
 557
 829
-717
 797
-149
-739
-374
 265
 826
 110
-663
-359
 938
-369
 955
 832
-558
  -1
 336
 714
  28
 379
-242
 941
-959
 592
-146
 483
 562
-166
 372
-193
-461
 838
-936
 804
-466
-944
 735
 558
-435
-356
 922
 965
 997
 799
-190
 635
-367
 704
 564
 404
 903
-274
-303
 654
-932
 609
 972
 781
  82
  25
-500
 571
 -61
 385
-961
-872
-189
 840
 306
-215
-778
-595
 621
-442
-380
 533
 -24
 184
-904
-678
-882
 319
 -51
 660
-987
 399
 973
 -47
-134
  10
  30
 364
 -76
 890
 820
-228
 773
 785
 369
 758
-801
 260
 133
-172
-894
 499
-615
-544
 643
 407
 234
 527
-489
-638
-806
-949
-848
 140
-440
-293
 992
 114
   0
 853
  46
 617
 363
-975
-592
-828
-173
 833
 523
-630
 976
-417
 432
-973
-337
-998
-178
-741
 983
 919
-358
 282
 353
 526
 867
 680
 120
-135
 600
 751
 332
 174
-351
 416
 812
 317
-512
-900
  70
-704
-637
-167
 290
 136
 414
-755
-563
 906
 154
 868
 748
 444
-176
 339
-325
 -90
 798
 396
-363
-557
 365
-619
-907
 214
-227
 627
-785
 455
-860
 402
 360
 716
 865
-879
 405
-941
-837
-734
 883
 412
-570
 135
 378
-923
 194
-333
 216
 424
-964
-469
-549
 737
 888
 696
-977
 158
-766
 817
  63
 418
 949
 859
 953
 345
  65
-443
 -79
-804
-510
-845
-711
-564
 161
-507
-777
 -12
-844
-562
 583
-496
-656
 862
   1
-283
 880
-490
 854
  53
-583
 549
-265
 657
-183
-983
 320
-302
 942
 630
-354
-239
 719
 788
-724
-935
 -36
 891
-764
 844
-110
 287
 823
 733
 576
 150
-214
-729
-229
 406
 516
 -69
-273
 975
 314
-111
-131
 247
 -32
-125
-774
 -43
-112
 622
 765
-693
-862
 490
 127
-311
-382
 380
 774
 -78
 954
 279
-593
 218
 538
 710
 354
 491
  85
 479
-376
-336
-218
-716
 517
-695
 639
-271
-219
 126
-481
-241
 341
 961
-526
 898
 822
 159
-852
 547
-267
 944
-314
-246
-694
-925
-332
-174
-248
  56
-145
 670
 979
-892
-299
-842
 947
 917
-881
 638
 285
-995
 545
-928
 531
-296
 -58
-278
-933
 427
 752
 125
 611
  57
-698
 446
 994
-846
-169
 487
 195
-208
-387
 597
-967
 861
 923
-957
-880
-679
-276
-220
 945
 529
-671
  72
-827
  74
-330
 678
 679
 856
-204
-465
 488
-922
-511
   2
 169
 721
-100
-395
-760
 330
 -56
-905
-939
 289
-795
 103
-767
-262
-736
 152
 474
-378
-342
-960
 857
  68
 759
-644
 981
-891
 165
-556
 -81
 821
-669
 -80
-240
  38
 931
 305
-421
-662
-731
-290
 777
-612
-867
 349
-379
 546
-275
-168
  -2
-386
 -82
-478
-654
 166
-286
 386
-727
 119
-893
 390
 697
-289
 870
 482
 623
-416
 878
-803
 -94
-398
-108
 582
  37
 860
-853
 755
  43
-635
 -38
 672
-390
 778
 686
-812
-589
-182
-318
-783
 837
-947
 725
 968
-405
 137
 803
 371
-706
 570
 814
 594
-588
-794
 770
  91
-385
-522
-965
-140
-950
 577
 294
 315
-143
 946
 644
  69
-863
 440
-147
 450
 952
-554
-826
 579
 685
 595
-457
-196
  35
-222
 -37
 -73
-284
-518
-141
-479
-334
 113
 -28
 177
 512
-762
 605
-471
 663
-578
-400
 -96
 682
 705
-946
 801
 998
 580
 101
-126
 130
  95
-883
-255
-666
-753
 148
 308
-329
  19
 255
 387
  45
 970
-908
 608
 117
 899
-856
-433
-758
-673
 974
 -35
-136
 542
  39
 651
   9
-708
 910
 464
 143
 768
-163
 879
 -57
-859
 929
-667
-805
 -33
-784
-990
 421
-203
-718
-297
-422
 939
-144
-963
-156
 720
-537
 138
 661
 569
 971
 505
-122
 782
 786
-621
-254
-829
 787
 211
 -23
-109
 107
-825
-445
-838
-700
-658
 -48
 121
-280
 747
-870
 855
-116
-428
-282
 590
 835
-542
 619
 310
-516
-742
-780
 602
 376
 123
-691
-686
  93
-501
-920
-396
 492
 900
  15
 250
 269
-952
 268
 261
 -87
 920
-399
-438
 231
 -50
-536
-956
 874
-988
-420
 173
  34
 313
  51
-993
 298
-525
 989
-912
 615
-401
-735
-580
 616
 -46
 470
 347
 693
 480
 741
 -91
 118
-697
 928
-515
 442
-341
 926
 727
-486
 775
 687
 573
 212
 -52
 606
-353
 299
-370
-931
-754
-930
 395
-324
 -21
 217
 400
-611
-437
-452
 543
 943
-250
 745
-955
 484
 986
-953
 144
-599
-482
-665
-320
-530
 436
 691
 603
 384
-759
-613
 462
-585
 307
-575
-153
-451
-462
-301
-483
 937
-629
-328
 104
-164
 984
 575
-601
 221
-875
 957
 650
-494
-822
-571
-625
 -89
 776
 248
 334
-429
 392
 902
 560
 658
 297
 732
 515
-751
 235
  50
-527
 813
 -84
 134
-641
-861
-781
-130
 333
 584
 988
 116
 960
 866
 -27
-632
1000
-605
-485
-287
 884
-397
 598
-858
-680
 636
  44
 204
 850
 703
-565
 987
-519
 666
 475
-263
 511
-508
-924
 337
 -55
-927
-468
 811
-555
  11
-769
 694
-552
-818
 659
 168
 449
 -25
 794
-855
-277
 266
 851
-480
-495
 588
 229
-587
-207
-217
 344
-524
 675
-773
 155
 381
  49
-373
 927
-269
 655
-404
 292
  79
-603
-901
 604
 599
-877
 645
-306
 966
-726
 220
-192
 486
 671
-418
-411
-655
 335
 574
 587
 357
 578
 171
-889
-375
 460
 893
 764
-540
 673
 447
-119
-200
-851
-992
 668
  59
 743
 377
-487
-460
-989
-211
 461
-940
-123
-807
 842
 251
-597
-529
 183
-688
 417
-121
 277
 124
 351
-505
  62
-476
-357
-830
 244
 271
 540
 521
 304
-749
 729
 430
-974
  17
 690
-596
  -4
 468
 495
-350
-715
 129
 504
-197
 742
-347
-994
 815
 199
 441
-969
 -66
-426
 641
 469
 669
-584
 362
 959
-124
-865
-547
 612
-372
-714
-107
 267
-567
 964
 185
 373
-430
 239
 454
-298
 871
-403
 831
 496
-339
 -77
 769
 497
 258
   6
 245
-188
-631
-609
-810
 401
-815
-444
  22
 561
-808
 448
 828
 230
 916
 550
-568
 452
 825
 708
-450
-705
-427
-362
-309
-938
 985
-878
 789
-310
 610
-294
 -59
 793
 849
  40
-249
-181
-744
 766
 398
 656
 990
 256
-365
-786
 513
-869
-245
 950
 802
-576
-434
-493
  52
 393
-118
-685
-295
 624
-797
-340
-464
 -65
-657
-412
-252
-355
 753
-884
  31
-175
-205
-602
-264
 367
 551
-951
 760
-954
-636
 237
 467
-244
 808
 215
 717
 969
-743
  42
 445
 633
 993
  32
-371
-649
  81
-581
-185
 -44
 956
 715
 238
-873
-388
 350
-906
 443
-560
  99
-115
-800
 524
-230
 208
  64
-653
 761
 676
-300
-943
-393
-543
-885
 836
 485
-980
 149
 -45
  77
-929
 925
-909
 326
-162
 -14
-972
-270
 940
 518
 864
 303
 881
 618
 253
 -22
   5
-431
 296
 897
-221
-424
-391
-304
-281
-709
  67
  33
-984
-498
 210
 359
-915
 -53
-158
-212
 415
-871
 466
 885
  58
-896
 818
-432
-137
 388
-384
 145
-291
 425
-259
-675
 734
-648
  66
-918
 701
 240
-614
-782
-186
-261
-659
 374
 750
-772
 631
-436
 246
 963
 977
 257
-407
-681
  26
-288
-441
-752
 284
-414
-701
 403
 762
-985
-213
 834
 581
 614
  90
-868
 726
  29
-101
 163
-966
 626
 629
 291
-981
-446
-696
  20
-279
-233
-728
 640
 160
  23
 795
  -8
-346
 176
 554
 131
-622
 433
-236
 343
 681
-532
-285
-470
 397
-409
-687
 665
  12
-866
  87
-746
-650
 728
-550
-857
  13
-839
-677
 642
-664
-775
-598
-790
-394
-787
 723
 667
 585
 646
-745
 935
  78
 563
 302
-499
  36
 322
 180
-616
 -17
-816
 162
-344
 522
-642
 139
 232
-763
-151
  21
 276
-313
-520
 254
-326
 568
 459
-539
-321
 263
-757
 146
-517
 702
 355
 419
-104
-256
-577
 607
 122
 243
-142
 628
-546
-127
-534
-914
-903
-349
 338
 325
-447
 -92
-272
-628
 423
-672
 203
  -9
   4
-216
-198
-473
-150
-921
 -31
 200
 481
-292
 749
 -30
-548
 478
-945
-692
-425
 -49
 695
-572
-730
-206
 805
 535
-243
 102
-348
-503
 346
-106
 869
 800
 108
-1000
 -54
 683
-876
 712
-477
 453
-132
-523
-199
 213
-389
 744
 389
-319
 684
 -88
 756
-148
-618
 435
-456
-105
-707
 514
  97
 190
-719
 936
-361
-791
 202
-738
-910
 907
 718
-180
-410
-916
-699
 181
  83
-591
-771
-448
-809
 736
 286
 295
-661
 318
 156
 873
 -98
-833
-345
-968
 178
 914
 649
 -16
 912
 331
-835
 170
-898
-170
 796
-343
 875
-497
  96
 738
 352
  16
-528
 249
-703
 383
-723
 207
 224
  54
-521
-617
-545
 848
-721
-488
-459
 342
-439
-684
-976
 -42
-160
 978
-850
 316
 223
-600
  98
-559
 128
 456
 532
-419
 909
-102
  24
 905
 783
-890
 -70
-191
-660
-620
 283
-202
 201
 845
 601
-260
-689
-423
 674
 -75
-626
-633
 226
 -29
-535
 413
 791
-832
-847
-317
 565
-911
   8
-792
-779
 182
-231
-406
 411
 -86
 555
 887
 534
  75
-335
 525
-817
 648
 -64
 394
-824
 632
 982
  -5
 586
 908
-492
 -34
 252
-582
 664
 132
-152
 -71
-323
-454
 493
-639
-381
 429
 281
 151
-722
 706
-467
-750
-854
-937
-682
-834
  61
 852
 278
  84
 311
 198
 368
 225
 -20
-225
-814
-942
-120
-366
 846
 809
 241
 439
  73
 921
-541
 932
 625
-364
-232
-258
-982
 206
-733
 476
-811
 328
-647
 273
  89
-502
-392
 309
-413
 301
 -19
 991
-455
-713
 996
-831
 157
 995
 293
  41
 -10
 361
-491
 115
-201
 175
 312
 839
 465
 637
 -67
-177
-475
-484
 434
-133
-913
 980
 863
 634
-651
  18
 591
 767
-683
 -93
 288
 227
-129
-179
-748
 780
-305
 451
 662
 677
-161
-676
 918
 356
 882
 924
-209
-646
 457
 408
 707
-840
 933
-740
 106
-917
-725
-128
-888
-608
 382
-138
 824
-841
 340
 722
 876
 841
 596
 502
 471
 147
-652
-338
-624
 -41
 300
 553
-569
 889
 275
  76
 428
-899
 699
-991
-607
 280
  -6
 321
-506
 967
 -83
-184
-187
-316
-113
 790
-776
 438
-155
-224
 819
 -60
  14
 179
 233
 188
-474
 370
-674
 422
-761
-799
 209
 112
 713
-970
-538
 -99
 508
 892
 689
 613
 503
-789
 746
 593
  94
-902
 536
 901
-919
 647
 141
 913
-934
-157
-864
 915
-463
-352
 172
-962
 473
 999
-813
-360
 530
 877
 589
 572
-514
 807
-408
-415
-765
 537
-926
-958
 501
-768
-235
 191
-103
 958
-223
-606
-533
 843
 -11
 153
-895
 740
-165
  -7
-472
 539
-590
 472
 -95
 730
 700
  88
-737
-257
 847
 692
 192
 652
 -39
-504
-159
-210
-702
 930
 236
 806
 196
 187
-798
-788
-509
-770
 -68
 164
 205
 358
-553
-999
 222
  92
-732
-712
-513
 142
-238
 259
 620
 731
 567
-886
-978
 566
  60
 327
 366
 264
 772
-849
 498
 556