10 400
11 441
12 410
13 451
14 671
15 801
16 722
17 701
18 771
19 1052
20 1233
21 1233
22 1192
23 1673
24 1523
25 1773
26 2054
27 1753
28 2364
29 2144
30 2625
31 2735
32 2845
33 2866
34 2835
35 3476
36 3277
37 3416
38 3596
39 3497
40 3827
41 4197
42 4649
43 4698
44 4959
45 4979
46 5080
47 5440
48 6051
49 5660
50 6312
51 6453
52 18905
53 6993
54 7344
55 7835
56 8667
57 8465
58 8346
59 8155
60 8616
61 9077
62 9628
63 9227
64 10109
65 9618
66 9818
67 10329
68 10549
69 10610
70 10479
71 11682
72 11722
73 12313
74 12443
75 12824
76 13445
77 13255
78 13285
79 13886
80 13295
81 15429
82 15278
83 15889
84 16020
85 15960
86 16170
87 16781
88 17443
89 18014
90 17833
91 26460
92 18114
93 19016
94 17482
95 19186
96 20769
97 19927
98 21090
99 23284
100 21119
101 22192
102 23154
103 23754
104 24867
105 24896
106 23153
107 25908
108 25578
109 26239
110 25868
111 27953
112 26289
113 25267
114 28043
115 31550
116 25889
117 31589
118 27942
119 29204
120 31910
121 32902
122 30947
123 31649
124 32131
125 34815
126 31910
127 35276
128 35917
129 36809
130 34895
131 36628
132 42759
133 36639
134 37230
135 37430
136 37630
137 41608
138 40105
139 45986
140 39423
141 43802
142 44664
143 43331
144 41718
145 44704
146 43361
147 44092
148 45224
149 47930
150 46567
151 46697
152 47369
153 50455
154 48591
155 49232
156 50675
157 50715
158 51205
159 53079
160 52027
161 53090
162 53610
163 54983
164 56366
165 52909
166 57949
167 55584
168 55965
169 60403
170 61746
171 60413
172 62046
173 60293
174 64190
175 65603
176 65543
177 65934
178 69159
179 69991
180 67336
181 64241
182 68218
183 68288
184 68658
185 71664
186 69450
187 69299
188 68759
189 77786
190 73818
191 76974
192 72516
193 77605
194 77846
195 76493
196 80571
197 85300
198 80240
199 81522
200 76333
201 79799
202 82915
203 87133
204 87554
205 84408
206 88736
207 99987
208 91260
209 88946
210 92353
211 91761
212 92132
213 94857
214 101279
215 90049
216 95188
217 96490
218 92373
219 100237
220 94176
221 96812
222 100308
223 107271
224 106820
225 100818
226 108342
227 104245
228 100157
229 108162
230 108313
231 106991
232 112440
233 111288
234 111127
235 115987
236 115046
237 111929
238 115066
239 115166
240 113522
241 115125
242 121417
243 116017
244 129221
245 122449
246 117260
247 123000
248 122169
249 122379
250 127458
251 118672
252 132227
253 128170
254 127268
255 131887
256 134421
257 129833
258 127829
259 140042
260 134532
261 137798
262 143238
263 145612
264 135263
265 140322
266 153898
267 140392
268 144731
269 142827
270 144700
271 149991
272 154338
273 154539
274 153057
275 149901
276 182512
277 153026
278 163566
279 159608
280 154659
281 162234
282 160540
283 163536
284 160611
285 163325
286 164668
287 165700
288 162975
289 161462
290 175549
291 170900
292 170159
293 173925
294 172483
295 180548
296 165400
297 173564
298 168876
299 186639
300 199663
301 181690
302 188833
303 176039
304 193562
305 191218
306 206626
307 189304
308 193812
309 195766
310 193793
311 202278
312 205554
313 197419
314 192390
315 193542
316 202459
317 207037
318 205545
319 205133
320 205384
321 206226
322 215854
323 208340
324 202038
325 211646
326 213619
327 209572
328 213249
329 215673
330 226174
331 213890
332 221845
333 215903
334 227375
335 233667
336 229900
337 223749
338 223388
339 250860
340 236192
341 232204
342 230442
343 224640
344 253645
345 231663
346 238105
347 260077
348 236162
349 239097
350 249767
351 239108
352 244938
353 251500
354 249086
355 260216
356 243886
357 272260
358 255798
359 250218
360 260297
361 247393
362 265597
363 260547
364 263202
365 258514
366 265948
367 261138
368 282729
369 277860
370 270837
371 283290
372 286656
373 283540
374 270075
375 313206
376 273331
377 279502
378 275475
379 336389
380 285524
381 302285
382 279393
383 305993
384 282528
385 296815
386 301945
387 307746
388 301584
389 294360
390 295643
391 303448
392 312645
393 312614
394 298499
395 310100
396 314608
397 327362
398 300703
399 304750
400 316573
401 316642
402 327433
403 320930
404 330388
405 329356
406 321882
407 337822
408 332512
409 343042
410 333113
411 323135
412 330648
413 344855
414 342630
415 330599
416 351197
417 332983
418 342120
419 341749
420 349955
421 345546
422 339735
423 351989
424 354984
425 356126
426 351417
427 376174
428 368530
429 370282
430 371314
431 366616
432 364682
433 370633
434 367407
435 392775
436 356627
437 375613
438 367567
439 395870
440 394397
441 376293
442 382335
443 385801
444 417641
445 376534
446 390721
447 399938
448 428001
449 394989
450 386483
451 387515
452 402813
453 396462
454 392414
455 402072
456 402733
457 451154
458 411490
459 403185
460 429113
461 394669
462 412511
463 424183
464 425415
465 430155
466 412441
467 433852
468 435585
469 472885
470 433460
471 432429
472 451915
473 449260
474 529500
475 493343
476 425907
477 441045
478 464469
479 479136
480 476652
481 471803
482 456053
483 480850
484 451034
485 483415
486 495917
487 472293
488 468446
489 483404
490 493133
491 498994
492 514793
493 502089
494 496960
495 489074
496 481170
497 508511
498 513089
499 508231
500 510364
501 569265
502 506858
503 500336
504 511727
505 506878
506 568594
507 559136
508 520563
509 511196
510 511837
511 541112
512 559907
513 520424
514 544378
515 534189
516 530082
517 538668
518 566230
519 534280
520 545180
521 555610
522 535292
523 521726
524 546502
525 526735
526 587930
527 539029
528 546823
529 567011
530 541412
531 684360
532 562272
533 587980
534 551421
535 722892
536 578172
537 549037
538 592408
539 593460
540 574445
541 569435
542 793514
543 585074
544 585215
545 586988
546 588000
547 586377
548 599962
549 629618
550 757487
551 587749
552 611023
553 617725
554 591176
555 603809
556 810255
557 602618
558 753019
559 613077
560 602808
561 621282
562 625100
563 618847
564 628666
565 624668
566 625961
567 647311
568 648052
569 631771
570 649545
571 653873
572 650026
573 636280
574 647401
575 650857
576 651960
577 629247
578 655556
579 658271
580 659674
581 641340
582 678990
583 645438
584 702414
585 724526
586 647652
587 693367
588 651448
589 681915
590 654774
591 644545
592 677899
593 734524
594 687526
595 694158
596 700560
597 693617
598 727841
599 786882
600 685322
601 712603
602 716220
603 711010
604 805807
605 714447
606 725978
607 714356
608 717211
609 718404
610 727981
611 786722
612 725107
613 719225
614 734985
615 738522
616 752006
617 729004
618 743251
619 747248
620 770972
621 804816
622 809684
623 779479
624 779699
625 796680
626 788445
627 770381
628 760934
629 788425
630 759070
631 741567
632 787613
633 831285
634 795799
635 792863
636 796480
637 815044
638 859218
639 809054
640 857123
641 822057
642 806539
643 823901
644 810065
645 824953
646 913068
647 829181
648 823370
649 812791
650 855079
651 828900
652 847215
653 885657
654 841354
655 851503
656 874396
657 858155
658 850531
659 897529
660 860971
661 861903
662 878173
663 845682
664 851342
665 860550
666 887199
667 895425
668 905143
669 848236
670 872041
671 883382
672 874035
673 900835
674 908960
675 894603
676 891668
677 896808
678 889274
679 882881
680 954535
681 951881
682 934087
683 918067
684 912277
685 924159
686 945719
687 953834
688 918017
689 899453
690 934829
691 1016120
692 917146
693 934198
694 960396
695 901447
696 936011
697 935320
698 1001613
699 967470
700 955798
701 980494
702 1003617
703 974894
704 983810
705 978661
706 953303
707 1017894
708 971658
709 968692
710 998317
711 976717
712 990693
713 1170850
714 994901
715 1017603
716 1039154
717 1057864
718 1088607
719 992436
720 1043432
721 1011983
722 1028173
723 1010611
724 1032752
725 1039144
726 1021160
727 1055895
728 1071183
729 1049934
730 1060804
731 1021321
732 1042931
733 1070252
734 1073528
735 1080421
736 1070983
737 1038162
738 1068448
739 1073759
740 1087895
741 1060474
742 1081303
743 1084859
744 1167383
745 1059161
746 1066725
747 1110998
748 1077536
749 1099036
750 1093155
751 1084228
752 1119344
753 1106550
754 1078618
755 1093024
756 1130395
757 1102823
758 1158667
759 1166201
760 1133040
761 1133140
762 1141725
763 1162564
764 1162064
765 1135033
766 1179727
767 1179376
768 1134342
769 1155081
770 1181791
771 1180689
772 1157005
773 1227696
774 1183324
775 1148147
776 1220583
777 1251151
778 1176872
779 1225262
780 1350506
781 1216055
782 1215844
783 1225873
784 1219882
785 1215944
786 1203582
787 1195616
788 1231554
789 1230061
790 1231273
791 1263033
792 1249006
793 1289612
794 1258854
795 1891694
796 1262942
797 1285605
798 1289111
799 1260768
800 1280575
801 1257081
802 1250109
803 1274414
804 1286577
805 1277861
806 1273111
807 1353111
808 1307817
809 1258604
810 1303298
811 1258294
812 1309109
813 1281507
814 1251391
815 1276137
816 1304951
817 1320821
818 1325920
819 1310903
820 1319528
821 1320030
822 1363080
823 1332553
824 1345608
825 1349014
826 1344044
827 1332353
828 1353051
829 1415368
830 1381775
831 1356006
832 1339416
833 1371686
834 1389990
835 1342862
836 1383538
837 1372127
838 1358701
839 1374942
840 1394899
841 1389269
842 1355075
843 1408465
844 1388307
845 1390901
846 1396432
847 1398797
848 1396953
849 1437780
850 1420818
851 1410158
852 1423934
853 1404507
854 1392244
855 1406551
856 1425566
857 1444602
858 1505046
859 1453990
860 1423753
861 1455533
862 1538017
863 1491730
864 1476973
865 1464710
866 1519112
867 1442779
868 1660927
869 1541553
870 1514313
871 1512068
872 1528228
873 1622314
874 1512890
875 1523449
876 1534851
877 1523911
878 1515846
879 1509263
880 1497591
881 1547364
882 1515916
883 1542004
884 1553235
885 1606014
886 1568344
887 1590134
888 1596607
889 1527448
890 1588000
891 1547755
892 1569375
893 1551221
894 1574015
895 1567081
896 1580106
897 1585055
898 1610804
899 1631342
900 1653022
901 1662560
902 1601827
903 1573844
904 1661128
905 1677358
906 1624209
907 1655718
908 1675765
909 1621613
910 1629408
911 1660105
912 1657471
913 1691153
914 1701764
915 1644046
916 1628516
917 1691945
918 1697355
919 1741438
920 1715389
921 1693168
922 1702535
923 1676376
924 1722632
925 1724045
926 1696493
927 1683069
928 1705470
929 1710129
930 1705661
931 1767646
932 1711561
933 1711000
934 1713014
935 1747359
936 1778497
937 1762246
938 1756225
939 1744824
940 1756496
941 1753370
942 1713876
943 1740275
944 1731098
945 1746116
946 1752999
947 1788385
948 1778908
949 1741118
950 1854769
951 1751216
952 1751577
953 1853126
954 1826376
955 1770813
956 1768638
957 1771144
958 1769139
959 1824574
960 1775621
961 1841595
962 1856713
963 1785931
964 1836836
965 1813733
966 1808963
967 1834421
968 1795609
969 1865871
970 1854960
971 1855651
972 1806169
973 1841906
974 1854489
975 1869627
976 1851363
977 1995834
978 1962541
979 1980064
980 1956971
981 2024047
982 2048321
983 2011173
984 2032532
985 1977018
986 2049184
987 1964094
988 1997296
989 2013166
990 2212870
991 2002095
992 1995092
993 2074851
994 2095070
995 2130035
996 2117281
997 2021481
998 2064962
999 2136657
1000 2099647
1001 2087836
1002 2706394
1003 2525694
1004 1987448
1005 2013387
1006 2012194
1007 2040888
1008 2017924
1009 2032642
1010 2000122
1011 2023675
1012 2064673
1013 1941131
1014 2238227
1015 1998799
1016 2049705
1017 2198913
1018 2106731
1019 2077195
1020 2043272
1021 2075452
1022 2303249
1023 2080903
1024 2098405
1025 2078839
1026 2100630
1027 2134773
1028 2226826
1029 2096782
1030 2080583
1031 2082566
1032 2138500
1033 2178956
1034 2117241
1035 2098576
1036 2195076
1037 2142277
1038 2175620
1039 2170430
1040 2142749
1041 2198363
1042 2214192
1043 2162025
1044 2131087
1045 2154941
1046 2190778
1047 2239249
1048 2188144
1049 2211817
1050 2198122
1051 2194406
1052 2196368
1053 2217188
1054 2288781
1055 2182763
1056 2228620
1057 2206618
1058 2251292
1059 2254989
1060 2224050
1061 2277571
1062 2241774
1063 2221015
1064 2300724
1065 2296797
1066 2321463
1067 2330870
1068 2246102
1069 2387406
1070 2355276
1071 2607958
1072 2593301
1073 2588463
1074 2553747
1075 2496119
1076 2645919
1077 2577653
1078 2344987
1079 2340709
1080 2338705
1081 2385462
1082 2433322
1083 2361087
1084 3531767
1085 2346420
1086 2422431
1087 2410499
1088 2376035
1089 2341330
1090 2325530
1091 2350377
1092 2404107
1093 2399229
1094 2418394
1095 2587971
1096 2633567
1097 2576470
1098 2507431
1099 2480951
1100 2539130
1101 2515746
1102 2618047
1103 2533459
1104 2642273
1105 2564778
1106 2703868
1107 2608259
1108 2688238
1109 2640459
1110 2575308
1111 2673360
1112 2653965
1113 2644828
1114 2636803
1115 2683119
1116 2666719
1117 2638886
1118 2615283
1119 2599964
1120 2591317
1121 2661218
1122 2680914
1123 2710511
1124 2604983
1125 2576880
1126 2656840
1127 2660917
1128 2707275
1129 2711001
1130 2737571
1131 2686616
1132 2728024
1133 2639457
1134 2748311
1135 2678981
1136 2557795
1137 2573324
1138 2562132
1139 2580016
1140 2609522
1141 2582350
1142 2560830
1143 2706223
1144 2610723
1145 2626924
1146 2549940
1147 2652953
1148 2567342
1149 2592380
1150 2559488
1151 2612317
1152 2673170
1153 2659485
1154 2645168
1155 2660587
1156 2589434
1157 3132149
1158 2575498
1159 2587140
1160 2685373
1161 2669974
1162 2789018
1163 2723124
1164 2677328
1165 3228449
1166 3733113
1167 3141828
1168 3109226
1169 2853789
1170 2754924
1171 2747790
1172 2883133
1173 2919471
1174 4467336
1175 2954878
1176 4416442
1177 5134305
1178 3454762
1179 3290836
1180 3060545
1181 3222418
1182 3915073
1183 3007496
1184 3155854
1185 3511459
1186 3696465
1187 3530695
1188 3530364
1189 3026251
1190 3187873
1191 2976308
1192 3105038
1193 3264677
1194 3402997
1195 3243638
1196 2842337
1197 2883624
1198 2858377
1199 4496071
1200 3190308
1201 3380153
1202 3339257
1203 2881871
1204 2799136
1205 2945801
1206 3112643
1207 3095401
1208 3407705
1209 3347092
1210 3285646
1211 3182934
1212 3247304
1213 3291517
1214 3312777
1215 3058301
1216 3003479
1217 2934850
1218 3003919
1219 4033585
1220 3373120
1221 3667179
1222 3375614
1223 3023686
1224 2967301
1225 2911266
1226 2975075
1227 4886962
1228 3446648
1229 3079060
1230 2995683
1231 3071005
1232 3030538
1233 3202610
1234 3185018
1235 3084770
1236 3106270
1237 3100130
1238 3018907
1239 3047190
1240 3193895
1241 3045768
1242 3900922
1243 4098557
1244 3262162
1245 3271179
1246 3312667
1247 3278192
1248 3313909
1249 3248707
1250 3339196
1251 3289664
1252 3268554
1253 4417574
1254 3396735
1255 3114716
1256 3158999
1257 3134083
1258 3151676
1259 3185900
1260 3226486
1261 3098185
1262 3947043
1263 3160923
1264 3155462
1265 3288391
1266 3241944
1267 3224933
1268 3196179
1269 3222207
1270 3259447
1271 3838310
1272 3289744
1273 3465192
1274 3441899
1275 3637234
1276 3275388
1277 4358593
1278 3251873
1279 3549720
1280 3449282
1281 3319951
1282 3375304
1283 3292308
1284 3644387
1285 3872304
1286 3220514
1287 3398567
1288 3310161
1289 3377989
1290 3353633
1291 3356158
1292 3358672
1293 3255309
1294 3339527
1295 3375395
1296 3370315
1297 3437460
1298 3537107
1299 3325100
1300 3355177
1301 3413826
1302 3369944
1303 3401964
1304 3364463
1305 3330250
1306 3488626
1307 3371808
1308 3457958
1309 3395682
1310 3458770
1311 3436488
1312 3396192
1313 3435727
1314 3534622
1315 3477115
1316 3455243
1317 3440386
1318 3681417
1319 3813774
1320 3563997
1321 3434534
1322 3572703
1323 3513733
1324 3498364
1325 3542326
1326 3604433
1327 3617116
1328 3590326
1329 3471975
1330 3476183
1331 3557626
1332 3431889
1333 3491612
1334 3777085
1335 3455153
1336 3625041
1337 3595034
1338 3547356
1339 3581700
1340 3643485
1341 3694871
1342 3701685
1343 3744334
1344 3578234
1345 3649146
1346 4040709
1347 3532779
1348 3596328
1349 3557074
1350 3617357
1351 3562343
1352 4663575
1353 3708908
1354 3680996
1355 3651941
1356 3765334
1357 3771094
1358 3661259
1359 4275358
1360 3949548
1361 4068832
1362 4055446
1363 4004822
1364 4149132
1365 4079100
1366 4267182
1367 4051409
1368 4443192
1369 4228405
1370 3749263
1371 3668182
1372 3741068
1373 3764582
1374 3709298
1375 3821268
1376 3749875
1377 3791332
1378 3837108
1379 3856524
1380 3881731
1381 3865681
1382 3938557
1383 3910134
1384 3828471
1385 4032644
1386 3849851
1387 3857367
1388 3890828
1389 4721382
1390 3977091
1391 3940161
1392 4220245
1393 4194507
1394 4121129
1395 3876772
1396 5045738
1397 4449103
1398 4468008
1399 4511980
1400 4843369
1401 4468960
1402 5020341
1403 3935392
1404 4035921
1405 4028787
1406 3935983
1407 3970698
1408 3919822
1409 4011935
1410 3972872
1411 4427102
1412 4160313
1413 4220655
1414 4226727
1415 5323956
1416 4433504
1417 4065004
1418 4017766
1419 4861285
1420 4112984
1421 4014870
1422 4023466
1423 4087506
1424 4108004
1425 4339638
1426 4823252
1427 4385143
1428 4066548
1429 4231726
1430 4519655
1431 4401434
1432 4334108
1433 4211347
1434 4923019
1435 4130686
1436 4156695
1437 4100650
1438 4205668
1439 4172626
1440 4548278
1441 4211759
1442 4812102
1443 4117973
1444 4220205
1445 4203052
1446 4172715
1447 4165753
1448 4183636
1449 4232799
1450 4281179
1451 4151516
1452 4202581
1453 5772419
1454 4312818
1455 4188946
1456 4214273
1457 4274617
1458 4212109
1459 4260169
1460 5357951
1461 4320772
1462 4284114
1463 4520606
1464 4415951
1465 4470553
1466 4232017
1467 4214194
1468 4386665
1469 4396133
1470 4253967
1471 4314000
1472 4347502
1473 4329519
1474 4507221
1475 4495970
1476 4469972
1477 4367730
1478 4411171
1479 4414008
1480 4463680
1481 4437962
1482 4482725
1483 4448553
1484 4416942
1485 4458860
1486 4389981
1487 4416181
1488 4437001
1489 4684285
1490 4501941
1491 4509496
1492 4526968
1493 4523962
1494 4497973
1495 4475762
1496 4470974
1497 4423915
1498 4537888
1499 4440177
1500 4382247
1501 4438152
1502 4476704
1503 4473459
1504 4561292
1505 4449283
1506 4648866
1507 4536717
1508 4513793
1509 4540584
1510 4612358
1511 4624921
1512 4566522
1513 4702958
1514 4710602
1515 4661510
1516 4653414
1517 4624842
1518 4557616
1519 4556714
1520 4627056
1521 4635241
1522 4589465
1523 5585963
1524 4876352
1525 4696685
1526 4784190
1527 4773709
1528 4646041
1529 4882554
1530 4678311
1531 4841476
1532 4719860
1533 4701104
1534 4742731
1535 5065215
1536 5341021
1537 4779100
1538 4980076
1539 4777607
1540 4820257
1541 4914483
1542 4949078
1543 4747350
1544 4753774
1545 4794940
1546 4832721
1547 4649337
1548 4822551
1549 4827280
1550 4739426
1551 4887653
1552 4879057
1553 4882734
1554 4950080
1555 4928530
1556 4974576
1557 5016534
1558 4817561
1559 4932366
1560 4879829
1561 4847779
1562 4987751
1563 4816981
1564 4743995
1565 5509886
1566 4832240
1567 4897743
1568 4967783
1569 4854702
1570 4908051
1571 5131790
1572 4882974
1573 5038485
1574 4999814
1575 4926466
1576 5138272
1577 5347484
1578 4935173
1579 4955200
1580 5188296
1581 5130828
1582 4966009
1583 5270280
1584 5064835
1585 5047583
1586 5176002
1587 5128433
1588 5173277
1589 5153881
1590 5234972
1591 5163620
1592 5315314
1593 5106933
1594 5239931
1595 5229353
1596 5179380
1597 5296567
1598 5156767
1599 5218683
1600 5237026
1601 5186742
1602 5231857
1603 5189057
1604 5338736
1605 5241807
1606 5095362
1607 5146588
1608 5108847
1609 5161475
1610 5227390
1611 5165354
1612 5101362
1613 5155353
1614 5191252
1615 5082638
1616 5287682
1617 5141798
1618 5282712
1619 5338677
1620 5158079
1621 5161956
1622 5170391
1623 5227177
1624 5193395
1625 5207161
1626 5388410
1627 5280037
1628 5220015
1629 5249139
1630 5281510
1631 5457499
1632 5336723
1633 5328838
1634 5284275
1635 5417783
1636 5414879
1637 5322126
1638 5399641
1639 5375235
1640 5499317
1641 5517471
1642 5606858
1643 5607139
1644 5603662
1645 5814216
1646 5592240
1647 5433404
1648 5524684
1649 5687108
1650 5422773
1651 5491222
1652 5564258
1653 5565120
1654 5775623
1655 5625512
1656 5569027
1657 5772538
1658 5715912
1659 5673783
1660 5639138
1661 5852628
1662 5626134
1663 5538711
1664 5593753
1665 5550523
1666 5524184
1667 5458641
1668 5548609
1669 5555843
1670 5609904
1671 5615954
1672 5650399
1673 5568587
1674 5580078
1675 5626695
1676 5644408
1677 5540594
1678 5639159
1679 6225455
1680 6000104
1681 5805510
1682 6166055
1683 5926356
1684 5883626
1685 6001436
1686 6262384
1687 5939801
1688 5765836
1689 5918722
1690 6431991
1691 5911728
1692 5966320
1693 5774190
1694 5814406
1695 5905636
1696 5921455
1697 5754423
1698 5807452
1699 5863117
1700 5943717
1701 6064784
1702 5783958
1703 6014820
1704 5887081
1705 5854941
1706 5738213
1707 6655939
1708 6234942
1709 6074001
1710 6273054
1711 6019809
1712 6146987
1713 6985546
1714 6180961
1715 6170942
1716 6229462
1717 6463519
1718 6132530
1719 6144964
1720 6186972
1721 6098777
1722 6046059
1723 6219794
1724 6139584
1725 6141062
1726 6184077
1727 6185810
1728 6047000
1729 6495940
1730 6409829
1731 7100911
1732 6879417
1733 6152568
1734 6289704
1735 7266401
1736 6083999
1737 6380054
1738 6695643
1739 6073250
1740 6096293
1741 6113845
1742 7030219
1743 6065956
1744 6114096
1745 6169270
1746 6186311
1747 5958895
1748 6080242
1749 6046329
1750 6181893
1751 6087245
1752 6275468
1753 6192663
1754 6442390
1755 6262894
1756 6283012
1757 6451838
1758 6512884
1759 6442772
1760 6456849
1761 6258497
1762 6431040
1763 6560623
1764 6541757
1765 6680647
1766 6969532
1767 6473449
1768 6749926
1769 6157208
1770 6333347
1771 6358135
1772 6618570
1773 7833573
1774 6563057
1775 7336755
1776 6687840
1777 6479731
1778 6502394
1779 6548309
1780 6314041
1781 6577744
1782 6659868
1783 7492565
1784 6787486
1785 7798187
1786 6771477
1787 7128645
1788 8206922
1789 6693301
1790 6491263
1791 6392650
1792 6743504
1793 6715903
1794 8939983
1795 6866524
1796 6693551
1797 6519014
1798 6739687
1799 6783769
1800 6711244
1801 7544533
1802 7438265
1803 7028256
1804 6751389
1805 6538511
1806 6710012
1807 6444515
1808 6595068
1809 6511320
1810 6509527
1811 6407356
1812 6631084
1813 6483237
1814 6799389
1815 6634761
1816 6720691
1817 6786575
1818 8330343
1819 8233592
1820 8679116
1821 7735780
1822 7633519
1823 7458994
1824 7316446
1825 7993643
1826 7178629
1827 10970172
1828 6989575
1829 7484631
1830 7386087
1831 9110932
1832 9712468
1833 8582394
1834 8288264
1835 7266123
1836 6759744
1837 6966712
1838 6751069
1839 6825688
1840 6855443
1841 7520409
1842 7189308
1843 7271042
1844 7031834
1845 7154313
1846 7171144
1847 7185582
1848 7157619
1849 7157689
1850 7290147
1851 7378733
1852 7349328
1853 7149574
1854 7232390
1855 7447220
1856 7290718
1857 7343336
1858 7292532
1859 7242828
1860 7285317
1861 7153432
1862 7271522
1863 7281772
1864 8212442
1865 7540876
1866 7369415
1867 7630694
1868 8266155
1869 7166205
1870 7330223
1871 7280899
1872 7415511
1873 7481495
1874 7144374
1875 7028006
1876 7176704
1877 7115590
1878 7908399
1879 7115622
1880 7355128
1881 7177927
1882 7215848
1883 8372382
1884 7895239
1885 7658897
1886 7156176
1887 7559711
1888 8031625
1889 7272043
1890 7237488
1891 7243154
1892 7270480
1893 7213143
1894 7314813
1895 7678423
1896 7671551
1897 8095854
1898 8768764
1899 7492335
1900 8687241
1901 7867647
1902 7539173
1903 7437955
1904 7165654
1905 7443394
1906 7423205
1907 7291970
1908 7421643
1909 7379784
1910 7348256
1911 8640630
1912 7552839
1913 7578236
1914 7409099
1915 7590999
1916 7351902
1917 7571273
1918 7441430
1919 7498727
1920 7700865
1921 7631185
1922 7441740
1923 7551235
1924 7425831
1925 7476826
1926 7485392
1927 8103880
1928 7950162
1929 7945162
1930 8217301
1931 7532961
1932 7497855
1933 8006226
1934 7652405
1935 7794089
1936 8065888
1937 7645060
1938 7713278
1939 8340131
1940 7645221
1941 7616628
1942 7622149
1943 7743815
1944 8088671
1945 8161066
1946 8130820
1947 8313643
1948 8267896
1949 8211551
1950 8212452
1951 8251746
1952 8324251
1953 8765667
1954 7904325
1955 7922179
1956 8280539
1957 10198869
1958 7829298
1959 9346865
1960 7805982
1961 8941646
1962 9279725
1963 10526641
1964 8294205
1965 8102997
1966 8310006
1967 8065858
1968 7808487
1969 8225717
1970 7865825
1971 8417145
1972 8069314
1973 8684186
1974 9335663
1975 7981361
1976 8281021
1977 9117725
1978 7918363
1979 8315615
1980 8187886
1981 7921258
1982 8081196
1983 8427376
1984 9712759
1985 8242930
1986 8270470
1987 8721514
1988 8419741
1989 8152730
1990 8061741
1991 9547844
1992 8669248
1993 8201802
1994 8444807
1995 8504089
1996 8425430
1997 8222411
1998 8146870
1999 8227109
2000 8155545
