10 761
11 741
12 832
13 691
14 972
15 992
16 1203
17 1182
18 1252
19 1342
20 1623
21 1372
22 1603
23 1814
24 1884
25 2074
26 2074
27 2264
28 2164
29 2475
30 2435
31 2695
32 2605
33 2464
34 2956
35 3005
36 2966
37 3326
38 3146
39 3387
40 3316
41 3597
42 3767
43 3898
44 3977
45 3627
46 4318
47 4288
48 4849
49 4288
50 4749
51 4338
52 4879
53 4819
54 20038
55 4939
56 5149
57 5430
58 5551
59 5460
60 5791
61 5741
62 6032
63 6071
64 6061
65 6142
66 6382
67 6522
68 6662
69 6732
70 6682
71 7033
72 7113
73 7243
74 7514
75 7183
76 7854
77 7705
78 7864
79 7885
80 8015
81 7935
82 8235
83 8296
84 8617
85 8496
86 8897
87 8756
88 9297
89 9187
90 9468
91 9077
92 9638
93 9718
94 9537
95 9869
96 10029
97 10190
98 10279
99 10429
100 10530
101 10479
102 10800
103 10760
104 11251
105 11231
106 11502
107 11491
108 11581
109 11571
110 11953
111 11942
112 12393
113 12283
114 12513
115 12273
116 12854
117 12974
118 12854
119 13014
120 13314
121 13385
122 13295
123 13285
124 13936
125 13736
126 13696
127 13946
128 14136
129 14327
130 14417
131 14768
132 14617
133 14347
134 15129
135 15018
136 15238
137 15299
138 14818
139 15860
140 15939
141 16111
142 16220
143 16341
144 16140
145 16410
146 16632
147 16461
148 16781
149 16000
150 16932
151 17002
152 16521
153 17543
154 17232
155 17913
156 18113
157 17633
158 18485
159 18564
160 18435
161 18895
162 18375
163 19346
164 19917
165 18965
166 19547
167 19877
168 19857
169 19787
170 19567
171 20018
172 20388
173 20017
174 19637
175 20619
176 20539
177 20077
178 21039
179 21319
180 20919
181 21590
182 21871
183 21551
184 22282
185 22051
186 22151
187 22272
188 22612
189 22442
190 22512
191 22792
192 23103
193 23163
194 23193
195 23213
196 23083
197 23834
198 23955
199 24426
200 24215
201 24145
202 25007
203 24486
204 24466
205 24636
206 24946
207 25357
208 24987
209 26830
210 25658
211 25718
212 25808
213 26379
214 25919
215 26269
216 26480
217 26600
218 26940
219 26900
220 27161
221 27361
222 27682
223 27130
224 27822
225 27502
226 27702
227 28233
228 29615
229 27932
230 28273
231 28363
232 28193
233 29035
234 29004
235 29886
236 29304
237 29105
238 29405
239 30197
240 29676
241 29936
242 30186
243 30517
244 30417
245 29334
246 33322
247 31048
248 31309
249 31689
250 31519
251 31960
252 31940
253 31799
254 32221
255 35096
256 32341
257 32902
258 32841
259 30798
260 33252
261 33222
262 33262
263 37339
264 33423
265 33503
266 33873
267 32260
268 34485
269 33874
270 34255
271 34604
272 35406
273 34885
274 35035
275 53150
276 35527
277 35647
278 35156
279 35557
280 35977
281 39765
282 36859
283 44663
284 37069
285 37240
286 37520
287 36909
288 36799
289 37260
290 38211
291 37781
292 38632
293 37720
294 38452
295 37791
296 37931
297 38863
298 38872
299 37570
300 39654
301 38762
302 41207
303 39925
304 40095
305 39945
306 40415
307 39233
308 40626
309 40516
310 40496
311 41136
312 40837
313 38963
314 47940
315 41017
316 41708
317 41909
318 41668
319 41538
320 41848
321 42449
322 41999
323 41929
324 41909
325 42931
326 49983
327 41257
328 51096
329 43020
330 43481
331 43782
332 48561
333 44534
334 44473
335 44704
336 44724
337 45214
338 44814
339 44954
340 44574
341 44954
342 45535
343 45274
344 49152
345 45735
346 45846
347 43922
348 46327
349 46146
350 46798
351 46538
352 43902
353 59531
354 46317
355 48070
356 50264
357 47659
358 47539
359 47840
360 47879
361 48050
362 48060
363 49192
364 48491
365 48821
366 49283
367 49683
368 49553
369 49823
370 49573
371 49422
372 48190
373 49813
374 51115
375 50415
376 50374
377 51075
378 50484
379 51046
380 51577
381 51727
382 51276
383 50705
384 51626
385 51908
386 52548
387 54562
388 54993
389 52709
390 52990
391 52829
392 54662
393 52939
394 55194
395 53931
396 53741
397 53219
398 54342
399 54722
400 68589
401 54612
402 55614
403 54843
404 55634
405 55073
406 55103
407 55794
408 57097
409 55574
410 58480
411 56145
412 56004
413 55894
414 56355
415 56025
416 57047
417 56626
418 57227
419 62838
420 57988
421 57288
422 58108
423 54853
424 58009
425 58339
426 58840
427 60083
428 58479
429 66875
430 59341
431 60072
432 59702
433 59912
434 59280
435 59572
436 69360
437 60433
438 59391
439 60623
440 60674
441 57919
442 60894
443 63419
444 58149
445 61365
446 61194
447 62316
448 59672
449 61815
450 62386
451 58500
452 61936
453 70772
454 62257
455 62938
456 63750
457 62988
458 62687
459 63690
460 63950
461 64461
462 63990
463 63559
464 64170
465 64491
466 64881
467 73708
468 64871
469 65603
470 65302
471 65302
472 91190
473 65383
474 62908
475 65783
476 69370
477 67086
478 65232
479 69710
480 68538
481 68067
482 68729
483 69450
484 80771
485 72165
486 70792
487 69440
488 80370
489 69561
490 65543
491 69520
492 71183
493 73397
494 70662
495 69821
496 70091
497 75121
498 70511
499 71855
500 73017
501 73778
502 71684
503 79118
504 83336
505 76683
506 73327
507 76142
508 75711
509 74670
510 78777
511 78136
512 77875
513 75021
514 75872
515 74058
516 75541
517 74970
518 75220
519 74079
520 81702
521 70793
522 74850
523 75451
524 74500
525 77485
526 76593
527 75762
528 75070
529 75391
530 79790
531 74900
532 71453
533 82013
534 76603
535 72626
536 76373
537 73137
538 76093
539 84157
540 79348
541 77024
542 76704
543 77596
544 83777
545 73658
546 77695
547 79800
548 78026
549 78126
550 78397
551 86261
552 78407
553 78647
554 78857
555 103554
556 109665
557 75291
558 95479
559 79549
560 75461
561 80029
562 80591
563 79719
564 81843
565 80230
566 81262
567 76062
568 81392
569 80561
570 81853
571 82524
572 85710
573 88907
574 82735
575 81753
576 82244
577 85220
578 82534
579 98534
580 83336
581 84779
582 83446
583 83015
584 84338
585 79719
586 84078
587 86091
588 84378
589 79749
590 84277
591 85270
592 85510
593 83736
594 86522
595 87042
596 86632
597 100458
598 86913
599 90720
600 87855
601 87384
602 89497
603 88215
604 91822
605 87825
606 90609
607 88075
608 88376
609 89387
610 89547
611 89397
612 89577
613 89227
614 88646
615 90339
616 90830
617 90109
618 90539
619 91281
620 93034
621 102552
622 92533
623 100378
624 91721
625 86973
626 92503
627 91962
628 92463
629 87974
630 92483
631 92864
632 93024
633 100458
634 92793
635 98164
636 88796
637 96069
638 99436
639 121617
640 94467
641 94046
642 96481
643 95279
644 122219
645 95879
646 94837
647 95929
648 96440
649 97252
650 96200
651 97132
652 97211
653 96681
654 97011
655 96972
656 97011
657 98585
658 99286
659 96450
660 96881
661 100999
662 97873
663 97242
664 98024
665 99346
666 99476
667 98063
668 104896
669 99336
670 100067
671 99537
672 99666
673 99055
674 94346
675 113573
676 99306
677 100127
678 104665
679 106349
680 104705
681 96210
682 99907
683 101059
684 100588
685 103764
686 96751
687 103233
688 100619
689 103473
690 120475
691 121407
692 100207
693 105106
694 97643
695 104125
696 104125
697 114043
698 98044
699 104726
700 104665
701 103263
702 105437
703 99236
704 105016
705 105117
706 105598
707 132518
708 107531
709 105968
710 105778
711 107010
712 106670
713 105858
714 107491
715 107822
716 109785
717 101089
718 108523
719 104816
720 107190
721 107320
722 107591
723 107301
724 108994
725 127929
726 107420
727 107782
728 107582
729 109444
730 103964
731 103845
732 125996
733 111439
734 108853
735 119403
736 118872
737 134361
738 110387
739 116599
740 105036
741 109825
742 111098
743 110767
744 118191
745 107321
746 110286
747 106258
748 112531
749 134411
750 120907
751 112601
752 111458
753 108433
754 113292
755 112230
756 113553
757 112651
758 114214
759 113602
760 119343
761 114424
762 113693
763 119464
764 115295
765 132919
766 116888
767 115686
768 116217
769 117039
770 117340
771 117219
772 117320
773 111939
774 118492
775 118602
776 117751
777 118752
778 149851
779 122990
780 133209
781 117670
782 119063
783 123070
784 118311
785 118051
786 118883
787 125665
788 113783
789 119183
790 120124
791 119303
792 116789
793 120355
794 113622
795 120686
796 114985
797 126707
798 132799
799 124994
800 122399
801 126516
802 121948
803 123110
804 122650
805 124753
806 125866
807 123922
808 123020
809 122819
810 146204
811 124934
812 125986
813 123842
814 122469
815 123311
816 145172
817 118191
818 125074
819 123932
820 125444
821 124363
822 125655
823 125344
824 123972
825 119544
826 126196
827 125685
828 120085
829 144540
830 127769
831 126136
832 126386
833 136315
834 127629
835 128119
836 126897
837 125836
838 120846
839 128140
840 127569
841 127068
842 127679
843 130144
844 129192
845 127719
846 127458
847 128771
848 126807
849 129542
850 129402
851 129792
852 123892
853 130775
854 129452
855 130444
856 130845
857 129923
858 132628
859 123671
860 141826
861 131246
862 130253
863 131767
864 124743
865 132248
866 132969
867 126287
868 132557
869 132498
870 149520
871 132859
872 127308
873 134041
874 134551
875 157494
876 141595
877 133840
878 135002
879 145652
880 135163
881 129282
882 148928
883 139661
884 136906
885 135493
886 130985
887 134521
888 150281
889 139211
890 138028
891 141745
892 137247
893 137397
894 136776
895 138579
896 137167
897 137528
898 137758
899 139170
900 138749
901 139921
902 139541
903 139601
904 147686
905 139301
906 140062
907 140042
908 141504
909 140573
910 133099
911 143027
912 142597
913 146744
914 141404
915 141715
916 141535
917 141494
918 141495
919 142828
920 141905
921 143709
922 142817
923 143068
924 137087
925 142948
926 143959
927 143689
928 145442
929 146765
930 140393
931 137567
932 145001
933 144530
934 144540
935 146724
936 145493
937 147225
938 145262
939 145823
940 145522
941 144470
942 146994
943 146645
944 149490
945 145703
946 153607
947 147757
948 141365
949 149199
950 145623
951 146383
952 147626
953 145853
954 140764
955 160571
956 147847
957 151152
958 147907
959 141284
960 149279
961 148799
962 149711
963 148458
964 153036
965 149319
966 149069
967 150121
968 150160
969 158386
970 149650
971 150972
972 162494
973 163015
974 150933
975 156814
976 151884
977 159118
978 194924
979 166381
980 153287
981 169197
982 163125
983 162453
984 162233
985 165490
986 162263
987 165279
988 173163
989 163405
990 162574
991 164378
992 165620
993 163426
994 203400
995 167834
996 156863
997 164517
998 164377
999 171160
1000 164939
1001 166301
1002 150431
1003 217207
1004 157324
1005 159389
1006 155761
1007 158256
1008 160360
1009 159478
1010 159549
1011 169327
1012 160210
1013 162845
1014 163676
1015 152155
1016 158717
1017 164718
1018 168115
1019 152045
1020 160641
1021 198291
1022 162704
1023 161051
1024 154058
1025 162334
1026 197059
1027 166652
1028 162945
1029 217587
1030 162775
1031 165590
1032 155320
1033 165871
1034 164307
1035 165369
1036 175869
1037 156482
1038 164578
1039 180788
1040 163827
1041 159208
1042 177642
1043 166682
1044 156333
1045 169387
1046 164267
1047 166461
1048 158477
1049 176611
1050 165420
1051 166702
1052 170629
1053 177011
1054 168164
1055 167202
1056 187331
1057 167353
1058 161392
1059 168135
1060 158636
1061 168986
1062 167072
1063 168064
1064 169798
1065 169256
1066 195867
1067 180097
1068 171220
1069 170800
1070 172943
1071 180778
1072 193211
1073 190957
1074 185276
1075 196137
1076 191007
1077 191939
1078 171481
1079 171530
1080 171111
1081 170559
1082 171050
1083 171661
1084 172002
1085 172472
1086 172653
1087 177522
1088 189314
1089 210905
1090 179216
1091 175929
1092 174577
1093 178875
1094 190336
1095 182812
1096 189846
1097 200876
1098 188523
1099 187992
1100 188002
1101 179576
1102 191228
1103 188994
1104 200596
1105 181650
1106 191028
1107 190867
1108 182551
1109 191839
1110 193812
1111 190446
1112 184054
1113 189324
1114 179687
1115 194343
1116 189555
1117 194594
1118 191679
1119 190637
1120 188944
1121 192329
1122 189345
1123 181029
1124 191128
1125 190276
1126 188843
1127 190747
1128 183554
1129 191318
1130 193452
1131 191859
1132 193983
1133 195636
1134 183233
1135 181620
1136 181209
1137 182782
1138 180678
1139 179186
1140 179275
1141 183102
1142 175268
1143 186479
1144 187842
1145 182080
1146 184265
1147 181940
1148 182352
1149 184686
1150 182621
1151 183103
1152 190827
1153 188132
1154 183884
1155 185106
1156 184495
1157 186118
1158 185908
1159 185056
1160 184996
1161 185678
1162 186439
1163 188012
1164 193271
1165 266519
1166 298038
1167 210163
1168 202379
1169 199944
1170 190897
1171 203481
1172 203500
1173 191057
1174 192039
1175 448740
1176 476982
1177 305862
1178 488253
1179 266458
1180 222676
1181 232515
1182 219711
1183 211716
1184 232505
1185 230682
1186 281506
1187 235150
1188 223357
1189 202730
1190 212547
1191 206506
1192 201276
1193 215854
1194 224850
1195 207759
1196 190647
1197 192259
1198 197720
1199 236462
1200 204843
1201 253454
1202 203781
1203 197028
1204 194934
1205 185777
1206 194183
1207 206447
1208 241562
1209 208420
1210 220803
1211 218900
1212 216465
1213 222476
1214 216876
1215 260727
1216 185868
1217 195044
1218 199393
1219 541052
1220 231613
1221 202158
1222 212147
1223 221905
1224 202278
1225 203862
1226 196979
1227 234248
1228 227065
1229 199373
1230 200555
1231 200345
1232 202439
1233 204051
1234 201587
1235 201166
1236 206286
1237 201688
1238 201417
1239 201557
1240 206366
1241 212577
1242 207137
1243 211967
1244 211716
1245 200425
1246 213890
1247 218589
1248 210213
1249 211265
1250 214592
1251 216365
1252 215693
1253 221875
1254 215673
1255 203431
1256 264906
1257 206836
1258 207909
1259 206777
1260 204383
1261 206696
1262 207759
1263 194403
1264 218849
1265 205865
1266 207729
1267 207538
1268 208219
1269 199753
1270 215534
1271 268472
1272 208440
1273 248615
1274 274874
1275 216605
1276 207719
1277 220583
1278 220833
1279 206837
1280 210634
1281 209552
1282 211055
1283 201097
1284 228968
1285 229920
1286 208039
1287 211256
1288 210674
1289 213499
1290 212868
1291 211776
1292 211215
1293 210133
1294 209622
1295 201487
1296 219090
1297 210393
1298 209643
1299 210755
1300 237113
1301 210534
1302 212318
1303 221905
1304 218799
1305 212006
1306 212628
1307 213870
1308 214902
1309 203861
1310 216144
1311 204542
1312 200665
1313 212658
1314 215383
1315 246020
1316 219491
1317 218458
1318 219260
1319 232525
1320 216365
1321 215203
1322 216706
1323 216675
1324 218679
1325 303257
1326 221915
1327 218329
1328 213800
1329 219610
1330 217657
1331 239789
1332 255498
1333 216244
1334 223779
1335 207428
1336 216475
1337 218278
1338 223498
1339 208140
1340 218108
1341 220803
1342 219321
1343 213018
1344 221154
1345 221745
1346 304209
1347 225101
1348 213199
1349 220182
1350 207818
1351 222106
1352 227706
1353 220633
1354 221124
1355 230161
1356 222306
1357 227486
1358 241452
1359 250819
1360 244257
1361 243776
1362 240680
1363 259616
1364 242534
1365 250238
1366 233657
1367 245980
1368 240790
1369 284292
1370 225191
1371 223869
1372 226754
1373 227716
1374 213199
1375 223568
1376 228618
1377 230832
1378 227426
1379 217808
1380 217336
1381 225191
1382 229199
1383 225612
1384 215914
1385 229149
1386 269344
1387 226284
1388 230110
1389 291055
1390 257922
1391 234960
1392 247352
1393 255137
1394 232194
1395 275725
1396 331109
1397 272550
1398 257602
1399 385451
1400 267400
1401 244998
1402 299610
1403 235200
1404 232505
1405 234038
1406 230912
1407 231393
1408 230651
1409 239628
1410 245540
1411 250037
1412 248104
1413 234980
1414 253504
1415 271517
1416 262662
1417 235280
1418 234238
1419 266549
1420 222406
1421 235811
1422 237364
1423 242714
1424 243516
1425 253344
1426 307715
1427 230972
1428 235841
1429 237294
1430 242975
1431 256119
1432 281968
1433 246862
1434 271628
1435 234469
1436 239848
1437 228077
1438 246862
1439 245699
1440 236863
1441 239278
1442 237725
1443 240049
1444 236031
1445 241091
1446 240360
1447 238987
1448 238556
1449 242093
1450 236883
1451 244427
1452 240570
1453 327021
1454 240971
1455 238156
1456 247402
1457 251190
1458 241362
1459 243826
1460 254185
1461 231172
1462 251290
1463 241602
1464 244367
1465 240850
1466 240530
1467 241442
1468 251301
1469 241392
1470 242734
1471 243405
1472 243295
1473 244297
1474 244187
1475 250198
1476 248465
1477 243836
1478 246050
1479 258003
1480 250388
1481 248204
1482 254546
1483 248394
1484 248054
1485 234348
1486 244087
1487 245269
1488 257902
1489 250990
1490 250890
1491 290283
1492 239227
1493 250228
1494 248655
1495 233336
1496 248054
1497 248415
1498 247293
1499 242805
1500 245960
1501 248876
1502 249026
1503 248315
1504 251581
1505 247513
1506 249206
1507 249978
1508 279923
1509 253754
1510 264084
1511 250118
1512 250889
1513 254426
1514 257361
1515 257462
1516 249467
1517 260257
1518 251671
1519 251150
1520 253144
1521 257552
1522 253053
1523 243225
1524 257081
1525 256510
1526 253504
1527 253655
1528 256821
1529 258243
1530 257021
1531 257893
1532 325980
1533 259575
1534 257341
1535 267721
1536 256560
1537 255088
1538 477443
1539 254386
1540 244557
1541 255038
1542 259575
1543 256860
1544 251360
1545 260067
1546 260107
1547 256961
1548 258834
1549 266488
1550 244888
1551 280064
1552 257702
1553 268753
1554 261249
1555 260707
1556 259555
1557 295282
1558 261048
1559 257622
1560 259726
1561 258794
1562 265497
1563 261399
1564 262441
1565 282869
1566 259355
1567 262642
1568 262211
1569 260598
1570 246912
1571 262582
1572 260658
1573 261178
1574 260798
1575 261138
1576 262932
1577 261890
1578 270065
1579 261980
1580 266970
1581 262231
1582 261529
1583 265857
1584 263142
1585 264314
1586 268472
1587 271017
1588 273552
1589 268793
1590 273101
1591 457335
1592 305541
1593 274152
1594 294260
1595 285584
1596 269674
1597 283500
1598 269224
1599 270195
1600 260748
1601 271438
1602 274093
1603 267421
1604 270156
1605 266669
1606 266007
1607 323204
1608 268202
1609 277399
1610 264034
1611 268081
1612 266378
1613 255759
1614 266709
1615 275165
1616 268312
1617 276066
1618 253895
1619 269704
1620 269854
1621 266839
1622 271458
1623 276137
1624 255828
1625 271778
1626 273592
1627 272249
1628 273262
1629 270926
1630 284292
1631 279042
1632 291275
1633 275656
1634 290674
1635 275054
1636 274984
1637 274483
1638 268933
1639 288921
1640 286846
1641 276247
1642 277589
1643 280365
1644 293128
1645 270837
1646 286446
1647 281677
1648 284933
1649 287097
1650 286216
1651 281667
1652 267300
1653 281116
1654 280475
1655 291937
1656 290143
1657 290183
1658 293238
1659 282759
1660 282037
1661 281236
1662 283350
1663 278661
1664 271478
1665 287748
1666 279162
1667 277459
1668 279874
1669 280084
1670 278551
1671 285804
1672 277520
1673 278751
1674 281487
1675 282919
1676 280766
1677 283341
1678 286727
1679 290553
1680 288691
1681 291805
1682 297967
1683 296204
1684 286946
1685 286315
1686 294290
1687 290784
1688 280275
1689 291375
1690 290574
1691 301003
1692 295502
1693 292286
1694 290894
1695 290313
1696 297366
1697 291956
1698 288990
1699 288610
1700 285925
1701 284703
1702 288540
1703 290483
1704 291085
1705 287808
1706 289211
1707 303808
1708 304099
1709 305161
1710 288840
1711 281276
1712 296595
1713 305071
1714 302806
1715 289431
1716 291936
1717 293640
1718 297567
1719 301434
1720 299159
1721 283390
1722 303668
1723 303909
1724 297747
1725 353321
1726 296645
1727 300332
1728 280705
1729 304960
1730 309108
1731 324988
1732 331099
1733 295562
1734 293650
1735 311042
1736 282248
1737 295263
1738 311473
1739 300051
1740 279863
1741 294220
1742 293229
1743 280144
1744 292728
1745 296655
1746 295352
1747 310631
1748 302986
1749 297657
1750 294150
1751 298048
1752 301233
1753 283581
1754 303317
1755 301023
1756 307826
1757 302867
1758 284823
1759 287838
1760 290994
1761 285904
1762 309338
1763 300542
1764 305922
1765 295042
1766 332663
1767 312064
1768 333324
1769 313075
1770 296996
1771 299000
1772 328454
1773 308698
1774 290363
1775 312685
1776 295353
1777 284823
1778 299110
1779 291957
1780 310601
1781 303928
1782 309118
1783 319788
1784 324237
1785 364241
1786 319407
1787 395350
1788 308527
1789 325259
1790 303388
1791 305081
1792 417781
1793 347420
1794 475500
1795 321171
1796 308077
1797 298489
1798 300322
1799 322493
1800 434764
1801 346499
1802 329797
1803 309679
1804 303217
1805 307485
1806 310190
1807 310711
1808 328554
1809 307194
1810 312545
1811 306824
1812 335878
1813 306052
1814 305772
1815 292246
1816 307986
1817 306794
1818 358170
1819 337521
1820 385531
1821 348663
1822 343943
1823 348833
1824 361156
1825 449942
1826 329547
1827 361836
1828 305382
1829 476090
1830 373659
1831 362888
1832 408144
1833 380722
1834 323496
1835 326090
1836 309469
1837 333664
1838 310631
1839 315410
1840 310752
1841 326691
1842 318025
1843 316532
1844 327964
1845 320860
1846 351998
1847 320489
1848 321060
1849 320970
1850 331811
1851 376204
1852 334035
1853 315961
1854 339566
1855 322172
1856 322303
1857 306003
1858 313577
1859 337061
1860 307665
1861 321151
1862 322674
1863 328084
1864 354473
1865 337872
1866 338783
1867 334465
1868 319097
1869 321502
1870 324427
1871 326811
1872 341769
1873 329927
1874 302747
1875 323555
1876 321501
1877 317103
1878 324617
1879 321171
1880 351938
1881 329146
1882 317043
1883 372527
1884 356878
1885 348632
1886 340206
1887 341429
1888 333443
1889 318957
1890 328354
1891 331089
1892 410478
1893 332332
1894 323906
1895 335086
1896 359723
1897 342391
1898 363751
1899 335848
1900 333173
1901 400168
1902 337241
1903 349694
1904 328925
1905 330588
1906 337321
1907 332612
1908 427620
1909 328735
1910 328315
1911 332813
1912 326501
1913 352500
1914 329396
1915 341269
1916 357088
1917 360524
1918 342912
1919 335828
1920 330919
1921 313667
1922 329346
1923 342330
1924 332883
1925 342230
1926 326530
1927 343583
1928 352509
1929 335938
1930 363801
1931 329777
1932 333374
1933 345466
1934 333193
1935 338433
1936 336750
1937 341388
1938 335187
1939 390130
1940 316813
1941 344405
1942 335658
1943 344043
1944 368480
1945 348402
1946 348542
1947 355936
1948 371525
1949 348331
1950 345857
1951 347039
1952 350355
1953 376104
1954 338293
1955 359322
1956 501187
1957 432719
1958 336469
1959 371866
1960 335698
1961 361125
1962 377326
1963 392955
1964 400679
1965 356958
1966 370403
1967 350686
1968 324327
1969 348882
1970 345747
1971 361005
1972 379029
1973 434052
1974 504504
1975 367157
1976 360604
1977 348572
1978 345056
1979 360244
1980 342942
1981 343282
1982 416078
1983 466122
1984 343452
1985 326932
1986 331379
1987 472043
1988 350515
1989 381745
1990 324156
1991 364802
1992 352239
1993 702562
1994 342561
1995 362789
1996 339105
1997 415447
1998 329897
1999 346888
2000 330498
