10 191
11 181
12 151
13 201
14 260
15 270
16 321
17 270
18 291
19 291
20 311
21 351
22 300
23 461
24 480
25 471
26 401
27 491
28 471
29 521
30 642
31 581
32 631
33 651
34 631
35 732
36 682
37 872
38 792
39 872
40 932
41 891
42 982
43 901
44 982
45 1122
46 1162
47 1222
48 1082
49 1232
50 1282
51 1173
52 1473
53 1312
54 1433
55 1343
56 1473
57 1613
58 1363
59 1643
60 1814
61 1713
62 1844
63 1934
64 1994
65 1904
66 2154
67 1993
68 1994
69 2184
70 2394
71 2033
72 2244
73 2675
74 2615
75 2575
76 2585
77 2876
78 2745
79 2665
80 2595
81 2856
82 2805
83 2945
84 2905
85 3397
86 3005
87 3657
88 3276
89 3277
90 3457
91 3697
92 3437
93 3838
94 3978
95 3807
96 3957
97 3817
98 4128
99 4418
100 4329
101 4308
102 4629
103 4358
104 4519
105 4418
106 4638
107 4689
108 4278
109 5200
110 4940
111 4779
112 5330
113 5380
114 5450
115 5440
116 5801
117 4980
118 5651
119 5671
120 5440
121 5811
122 6202
123 5570
124 6552
125 6552
126 6402
127 6832
128 6893
129 6582
130 6512
131 6773
132 7754
133 7063
134 6873
135 7323
136 7865
137 6983
138 7875
139 7414
140 7474
141 8345
142 7705
143 7885
144 8145
145 7384
146 8486
147 8556
148 8486
149 8916
150 9107
151 8836
152 8646
153 9398
154 9167
155 9608
156 8145
157 9337
158 9378
159 8776
160 9288
161 10240
162 10420
163 10309
164 9959
165 10720
166 11622
167 10860
168 10630
169 11030
170 10540
171 10890
172 12123
173 11121
174 11451
175 11151
176 11392
177 12744
178 12053
179 12704
180 11561
181 13235
182 14177
183 12804
184 12464
185 12353
186 13705
187 13605
188 13946
189 12935
190 15359
191 20889
192 13425
193 14457
194 13185
195 13466
196 14417
197 14087
198 15229
199 16160
200 14287
201 17202
202 21019
203 16070
204 14598
205 15560
206 15769
207 16030
208 16551
209 16220
210 16360
211 15990
212 17413
213 17452
214 16611
215 16802
216 17694
217 17513
218 17152
219 17112
220 18474
221 18424
222 17954
223 18455
224 19857
225 18765
226 18505
227 19396
228 18394
229 19406
230 20469
231 18856
232 20799
233 21240
234 20608
235 22672
236 20899
237 20599
238 20799
239 21850
240 22201
241 21310
242 23354
243 21691
244 22352
245 23063
246 22683
247 22802
248 23604
249 23313
250 22211
251 23454
252 25408
253 24877
254 24647
255 26219
256 24165
257 25779
258 24756
259 26049
260 25268
261 24907
262 25157
263 31840
264 26460
265 25958
266 24766
267 26510
268 26810
269 28684
270 27041
271 27271
272 27031
273 26871
274 27512
275 28043
276 28373
277 28614
278 29916
279 28473
280 30547
281 28353
282 29766
283 27822
284 28644
285 30788
286 30527
287 30257
288 31299
289 34084
290 30777
291 30487
292 31859
293 29916
294 30427
295 31248
296 32281
297 55003
298 33794
299 33022
300 33052
301 32240
302 34184
303 33032
304 34324
305 33002
306 36458
307 34695
308 35367
309 35616
310 34815
311 36808
312 36728
313 36519
314 35666
315 36668
316 36598
317 41989
318 35667
319 40937
320 37640
321 34644
322 37991
323 37791
324 39695
325 38963
326 39293
327 38082
328 37130
329 41277
330 47739
331 39694
332 39674
333 40906
334 39163
335 41317
336 39133
337 41909
338 43131
339 40085
340 43121
341 41257
342 42820
343 44192
344 39143
345 45425
346 42419
347 42559
348 43401
349 45445
350 45846
351 45676
352 46808
353 46317
354 44183
355 45004
356 44723
357 48631
358 47569
359 46547
360 46396
361 47109
362 45565
363 47980
364 52969
365 51417
366 50524
367 42719
368 49001
369 48872
370 49503
371 51486
372 47459
373 51546
374 51937
375 51496
376 49944
377 52378
378 50504
379 52899
380 50174
381 54983
382 52980
383 53129
384 54141
385 51196
386 52388
387 53941
388 54983
389 56666
390 56636
391 53741
392 55524
393 53460
394 54432
395 57478
396 54562
397 57838
398 56406
399 60503
400 64901
401 58990
402 60944
403 58129
404 61756
405 58449
406 59411
407 59442
408 58460
409 59942
410 60243
411 59341
412 64000
413 61695
414 60012
415 60984
416 73037
417 72025
418 63919
419 61876
420 62487
421 66634
422 61645
423 63589
424 65051
425 64391
426 63168
427 66354
428 76463
429 68649
430 67496
431 65562
432 71003
433 69409
434 68729
435 68148
436 70992
437 71254
438 64671
439 67867
440 100949
441 73377
442 70071
443 66204
444 71203
445 72135
446 73127
447 67776
448 98034
449 73047
450 73918
451 74600
452 77465
453 73106
454 71363
455 73237
456 73587
457 76554
458 84387
459 75331
460 108994
461 78336
462 73046
463 77756
464 75772
465 78667
466 73828
467 79489
468 76984
469 80560
470 80480
471 78026
472 81323
473 81413
474 74670
475 76233
476 79198
477 77785
478 83977
479 82825
480 81964
481 82244
482 89527
483 86912
484 106740
485 88325
486 89618
487 84028
488 88305
489 84949
490 92764
491 91801
492 81493
493 89557
494 94828
495 87884
496 88705
497 91752
498 89487
499 89728
500 92233
501 95108
502 93034
503 98604
504 99676
505 96771
506 92152
507 94407
508 118702
509 96891
510 122038
511 96440
512 95389
513 91712
514 95940
515 96551
516 97673
517 97261
518 97402
519 104515
520 101630
521 102712
522 94847
523 112801
524 98966
525 98795
526 101490
527 106439
528 101179
529 102782
530 99757
531 102312
532 99276
533 94537
534 100378
535 98224
536 106249
537 103203
538 111769
539 105206
540 102953
541 99717
542 108443
543 111479
544 105357
545 107431
546 104466
547 107030
548 114555
549 104836
550 107060
551 150792
552 105287
553 111529
554 106800
555 110717
556 123661
557 112871
558 102872
559 109124
560 111629
561 107992
562 113031
563 120395
564 110317
565 113292
566 104335
567 114333
568 112290
569 113162
570 114023
571 117339
572 113012
573 118432
574 121347
575 114805
576 122359
577 121477
578 121698
579 116629
580 114484
581 121697
582 120305
583 115075
584 122298
585 117951
586 124904
587 162304
588 143458
589 125174
590 121798
591 125966
592 134080
593 166632
594 126547
595 127369
596 125344
597 127589
598 131556
599 129893
600 129332
601 127869
602 127018
603 131757
604 125444
605 128961
606 160771
607 131346
608 133800
609 129142
610 133129
611 132768
612 148518
613 138108
614 136866
615 128872
616 133179
617 134060
618 137047
619 136235
620 134532
621 149590
622 138489
623 143348
624 136185
625 132788
626 137227
627 143699
628 152325
629 146284
630 134542
631 139160
632 148598
633 146975
634 136976
635 146433
636 144761
637 149610
638 154088
639 151994
640 158997
641 148628
642 141635
643 149991
644 145402
645 151063
646 153998
647 148518
648 147896
649 147706
650 148117
651 151924
652 157053
653 149911
654 149921
655 152436
656 191127
657 152786
658 178815
659 158306
660 153998
661 154549
662 161442
663 168225
664 162104
665 153768
666 158146
667 160520
668 162634
669 204623
670 164558
671 161843
672 163365
673 158526
674 167123
675 216935
676 163796
677 166923
678 163626
679 159048
680 160180
681 172333
682 157144
683 170208
684 163766
685 183433
686 177572
687 168395
688 164538
689 178203
690 173986
691 173675
692 159709
693 168886
694 175779
695 178363
696 171020
697 178694
698 175067
699 175077
700 174807
701 184115
702 178624
703 172493
704 171260
705 173084
706 201066
707 177532
708 179606
709 185316
710 176370
711 187160
712 175177
713 174025
714 184014
715 184766
716 180267
717 186649
718 190046
719 176561
720 195245
721 182832
722 185036
723 181840
724 186459
725 184956
726 194744
727 193141
728 190236
729 190066
730 188603
731 187922
732 190076
733 189916
734 190897
735 190887
736 189063
737 185888
738 201618
739 209542
740 190958
741 197590
742 196367
743 183533
744 190176
745 198111
746 205464
747 204903
748 193252
749 202538
750 204653
751 202349
752 197299
753 197188
754 202679
755 202979
756 207569
757 201297
758 196207
759 204763
760 202880
761 207508
762 230421
763 209592
764 205174
765 209101
766 215664
767 223118
768 209983
769 211796
770 209261
771 221975
772 232846
773 214311
774 214731
775 201327
776 212387
777 210203
778 210534
779 237624
780 220022
781 218498
782 217347
783 218750
784 214591
785 221985
786 215653
787 228026
788 218489
789 229209
790 226183
791 215984
792 224440
793 222456
794 229289
795 209342
796 222647
797 235169
798 252242
799 222436
800 221935
801 243806
802 225001
803 224249
804 230732
805 232996
806 237504
807 237464
808 238466
809 232966
810 234539
811 237795
812 222807
813 237354
814 246672
815 235891
816 232916
817 235010
818 244788
819 246311
820 236162
821 252282
822 232915
823 229559
824 265456
825 251952
826 243505
827 252112
828 244447
829 299630
830 264184
831 238816
832 247022
833 250949
834 242714
835 235921
836 248274
837 246000
838 241201
839 241381
840 250358
841 237965
842 260898
843 255638
844 237204
845 262772
846 256900
847 239728
848 255999
849 252533
850 259435
851 260898
852 279963
853 252843
854 259516
855 257020
856 252403
857 261429
858 275125
859 259736
860 270546
861 258043
862 262321
863 262140
864 255077
865 279102
866 275726
867 264945
868 250809
869 272740
870 270647
871 275565
872 265576
873 268813
874 265666
875 265637
876 268913
877 265466
878 275776
879 265566
880 266679
881 279743
882 271528
883 277238
884 266368
885 275315
886 286445
887 276727
888 284091
889 287067
890 280915
891 293128
892 281737
893 265527
894 280825
895 283471
896 284813
897 294631
898 296314
899 285825
900 289502
901 277840
902 282328
903 296886
904 275475
905 295202
906 288169
907 277379
908 290032
909 292537
910 285314
911 289411
912 304269
913 307686
914 288309
915 308738
916 298228
917 294040
918 300402
919 300352
920 292717
921 312805
922 297997
923 320700
924 294802
925 298638
926 343452
927 297657
928 303037
929 293248
930 303608
931 321651
932 316121
933 299219
934 309398
935 296114
936 317604
937 302576
938 320940
939 330077
940 322243
941 320249
942 311463
943 326571
944 323194
945 316311
946 315730
947 318436
948 320169
949 315981
950 320469
951 317564
952 314669
953 318937
954 340968
955 322483
956 317394
957 320650
958 322763
959 326591
960 327142
961 322383
962 318867
963 323044
964 374361
965 319979
966 330588
967 326060
968 329136
969 319046
970 349494
971 339656
972 324026
973 328644
974 340066
975 329506
976 331791
977 346919
978 362137
979 344635
980 350255
981 349413
982 370363
983 368129
984 344985
985 369612
986 366766
987 370022
988 368149
989 414916
990 367968
991 371284
992 355255
993 394608
994 375954
995 365403
996 373529
997 370213
998 363630
999 400449
1000 370313
1001 359592
1002 371395
1003 356717
1004 360494
1005 365674
1006 351237
1007 349685
1008 352349
1009 352390
1010 377025
1011 368829
1012 366265
1013 362107
1014 384359
1015 359573
1016 366295
1017 353120
1018 370633
1019 370914
1020 370313
1021 559446
1022 379570
1023 369221
1024 369321
1025 366195
1026 418864
1027 387074
1028 381634
1029 379820
1030 378698
1031 414846
1032 388207
1033 365494
1034 369081
1035 363971
1036 410649
1037 368249
1038 388787
1039 382856
1040 374861
1041 389428
1042 555169
1043 390671
1044 391362
1045 385501
1046 413233
1047 391552
1048 382976
1049 392023
1050 379480
1051 389379
1052 380932
1053 395470
1054 409295
1055 402833
1056 410448
1057 403786
1058 406330
1059 390952
1060 399467
1061 399026
1062 398075
1063 416249
1064 413153
1065 398616
1066 464739
1067 456204
1068 409265
1069 402453
1070 423422
1071 446405
1072 459820
1073 463978
1074 447688
1075 450803
1076 458638
1077 446486
1078 472815
1079 425105
1080 410178
1081 461634
1082 404957
1083 415768
1084 407723
1085 411189
1086 444522
1087 425567
1088 425897
1089 426478
1090 437198
1091 423012
1092 435705
1093 433251
1094 431197
1095 453829
1096 462586
1097 467214
1098 447257
1099 461123
1100 461052
1101 441175
1102 456574
1103 467304
1104 475459
1105 473747
1106 461313
1107 469198
1108 461403
1109 462065
1110 481030
1111 449781
1112 472985
1113 457366
1114 477854
1115 473806
1116 455141
1117 462956
1118 460852
1119 468947
1120 488764
1121 474477
1122 477543
1123 481030
1124 466042
1125 475991
1126 477443
1127 477113
1128 497621
1129 464890
1130 484536
1131 467034
1132 489205
1133 498112
1134 480439
1135 449821
1136 453969
1137 448940
1138 453478
1139 443079
1140 442097
1141 468767
1142 464188
1143 475600
1144 452336
1145 446856
1146 475579
1147 432619
1148 452556
1149 466693
1150 449661
1151 461062
1152 1026416
1153 469949
1154 465231
1155 470961
1156 469809
1157 462706
1158 476952
1159 464859
1160 477022
1161 470591
1162 467515
1163 480669
1164 484446
1165 608025
1166 690943
1167 553506
1168 530843
1169 504834
1170 1398266
1171 508972
1172 534099
1173 512569
1174 632573
1175 516847
1176 697284
1177 1259997
1178 573674
1179 591506
1180 611965
1181 582390
1182 635238
1183 511466
1184 713815
1185 619529
1186 579744
1187 772465
1188 603920
1189 535401
1190 581067
1191 528780
1192 515014
1193 575256
1194 691413
1195 591096
1196 494685
1197 505275
1198 488544
1199 574334
1200 543326
1201 572872
1202 595163
1203 511757
1204 514562
1205 526976
1206 519592
1207 553927
1208 518470
1209 661107
1210 586587
1211 555339
1212 574325
1213 580385
1214 566500
1215 520123
1216 553345
1217 625510
1218 532055
1219 837667
1220 628816
1221 752117
1222 551181
1223 523069
1224 547614
1225 549007
1226 522958
1227 629157
1228 590775
1229 627153
1230 544558
1231 525463
1232 526315
1233 556070
1234 548245
1235 575266
1236 539509
1237 590665
1238 525323
1239 554777
1240 541844
1241 594272
1242 585194
1243 596405
1244 636030
1245 564045
1246 557232
1247 585185
1248 596736
1249 583823
1250 571119
1251 582730
1252 577310
1253 582960
1254 611815
1255 526926
1256 558114
1257 554497
1258 601936
1259 565869
1260 560839
1261 561971
1262 567321
1263 557624
1264 548156
1265 565117
1266 591917
1267 565738
1268 586407
1269 576629
1270 579795
1271 583732
1272 572922
1273 565708
1274 672298
1275 675373
1276 593650
1277 550039
1278 568273
1279 574264
1280 574054
1281 595234
1282 576589
1283 570057
1284 625120
1285 642592
1286 589152
1287 608578
1288 575878
1289 586036
1290 604440
1291 578592
1292 586317
1293 582871
1294 580115
1295 609570
1296 597228
1297 594632
1298 611644
1299 577220
1300 595263
1301 592358
1302 594723
1303 619940
1304 588230
1305 605001
1306 603369
1307 582419
1308 614569
1309 609541
1310 605483
1311 608909
1312 630019
1313 591166
1314 600704
1315 619459
1316 605663
1317 608979
1318 631872
1319 640398
1320 673790
1321 612837
1322 610322
1323 609500
1324 636351
1325 624949
1326 641489
1327 648764
1328 591026
1329 614008
1330 624689
1331 641880
1332 625910
1333 631521
1334 643023
1335 643113
1336 620771
1337 635729
1338 680102
1339 681465
1340 655406
1341 629507
1342 624558
1343 623656
1344 634417
1345 641059
1346 715378
1347 714246
1348 637413
1349 710519
1350 645417
1351 627543
1352 657720
1353 632964
1354 647581
1355 646179
1356 635449
1357 665996
1358 656228
1359 726188
1360 720017
1361 707704
1362 707444
1363 711310
1364 701883
1365 709807
1366 734604
1367 710900
1368 732831
1369 728282
1370 661778
1371 680142
1372 687235
1373 665735
1374 679782
1375 649785
1376 649745
1377 669643
1378 672699
1379 709587
1380 680373
1381 666576
1382 716190
1383 700851
1384 663892
1385 671256
1386 694198
1387 693237
1388 675554
1389 761023
1390 665455
1391 727040
1392 703025
1393 728313
1394 713755
1395 701803
1396 858616
1397 768578
1398 1042590
1399 840312
1400 884335
1401 774790
1402 869366
1403 766153
1404 709577
1405 697866
1406 708626
1407 714296
1408 708726
1409 686925
1410 688007
1411 698346
1412 711481
1413 745775
1414 735786
1415 823270
1416 788695
1417 724085
1418 693067
1419 939157
1420 719426
1421 683248
1422 739223
1423 702213
1424 689129
1425 747488
1426 795789
1427 835323
1428 713876
1429 726870
1430 808562
1431 825654
1432 776322
1433 793704
1434 746957
1435 707463
1436 717542
1437 724055
1438 718254
1439 746847
1440 730757
1441 730346
1442 734554
1443 758559
1444 739353
1445 723433
1446 744753
1447 751586
1448 761795
1449 808282
1450 742909
1451 727041
1452 784457
1453 729654
1454 733702
1455 776293
1456 775731
1457 734925
1458 752829
1459 789377
1460 823381
1461 754611
1462 757037
1463 744743
1464 780330
1465 743811
1466 729204
1467 754492
1468 774519
1469 783656
1470 737389
1471 782825
1472 759221
1473 762146
1474 808512
1475 775301
1476 770491
1477 764440
1478 797061
1479 765923
1480 794596
1481 771032
1482 789016
1483 804545
1484 778456
1485 776433
1486 775070
1487 796089
1488 781311
1489 792432
1490 829582
1491 771744
1492 805116
1493 802020
1494 795506
1495 805757
1496 766193
1497 1097142
1498 762817
1499 840262
1500 783816
1501 789447
1502 788956
1503 794096
1504 794076
1505 802320
1506 809013
1507 794025
1508 826195
1509 812109
1510 777424
1511 820655
1512 825154
1513 804324
1514 971277
1515 787613
1516 830454
1517 803763
1518 800116
1519 800076
1520 862734
1521 828991
1522 815175
1523 793244
1524 825414
1525 837316
1526 836014
1527 847585
1528 802441
1529 819152
1530 854128
1531 822268
1532 834792
1533 871039
1534 812119
1535 810836
1536 811919
1537 828289
1538 813211
1539 839470
1540 874626
1541 833159
1542 860650
1543 826015
1544 838920
1545 867313
1546 832047
1547 845171
1548 845962
1549 863735
1550 843678
1551 851563
1552 831866
1553 838439
1554 924520
1555 836044
1556 869867
1557 851503
1558 837005
1559 853116
1560 832147
1561 840412
1562 857614
1563 905615
1564 866671
1565 874506
1566 851122
1567 871110
1568 883873
1569 874085
1570 876780
1571 887710
1572 880477
1573 877511
1574 864016
1575 889804
1576 869346
1577 927916
1578 860259
1579 883984
1580 866741
1581 890165
1582 858366
1583 1569138
1584 889774
1585 889835
1586 922105
1587 891017
1588 897079
1589 897910
1590 889104
1591 936472
1592 887660
1593 905714
1594 960226
1595 916435
1596 889304
1597 918588
1598 933396
1599 925421
1600 931222
1601 938996
1602 902979
1603 882952
1604 895165
1605 895174
1606 881149
1607 895035
1608 922906
1609 904582
1610 908580
1611 914050
1612 896567
1613 915542
1614 907347
1615 910163
1616 928106
1617 900164
1618 937604
1619 881038
1620 917116
1621 906416
1622 902649
1623 938856
1624 940269
1625 903721
1626 942173
1627 913348
1628 920612
1629 958153
1630 994821
1631 936091
1632 931362
1633 944166
1634 969394
1635 919741
1636 910614
1637 936622
1638 899322
1639 918909
1640 936632
1641 940359
1642 954585
1643 982227
1644 985503
1645 991615
1646 944357
1647 953654
1648 977288
1649 963362
1650 989711
1651 973411
1652 990573
1653 1007494
1654 998889
1655 992958
1656 971127
1657 977588
1658 967671
1659 994330
1660 997566
1661 966308
1662 1011282
1663 1122399
1664 961839
1665 973571
1666 948815
1667 1013736
1668 955467
1669 976757
1670 972108
1671 976687
1672 961959
1673 986866
1674 1011582
1675 968231
1676 948364
1677 980334
1678 1019707
1679 997246
1680 983620
1681 1014889
1682 1008015
1683 1086823
1684 1084930
1685 1005852
1686 1016902
1687 1000682
1688 1047219
1689 1016050
1690 1000331
1691 1023985
1692 1015079
1693 1043211
1694 1002315
1695 1017323
1696 1014918
1697 1038643
1698 1033212
1699 1007164
1700 1039524
1701 1039324
1702 993849
1703 1042280
1704 996013
1705 1072435
1706 1021390
1707 1085912
1708 1073117
1709 1093445
1710 1075261
1711 1054462
1712 1077395
1713 1046667
1714 1062297
1715 1039705
1716 1062838
1717 1052979
1718 1148879
1719 1096692
1720 1053821
1721 1037590
1722 1053120
1723 1045696
1724 1049814
1725 1032211
1726 1054322
1727 1052067
1728 1063099
1729 1118643
1730 1091391
1731 1131125
1732 1240410
1733 1145953
1734 1053020
1735 1045926
1736 1107542
1737 1055083
1738 1163085
1739 1026210
1740 1101830
1741 1092543
1742 1045135
1743 1159890
1744 1051907
1745 1091111
1746 1039294
1747 1070152
1748 1097713
1749 1095769
1750 1099116
1751 1074419
1752 1082895
1753 1114625
1754 1125285
1755 1079199
1756 1115596
1757 1096782
1758 1095580
1759 1104787
1760 1104636
1761 1095549
1762 1135284
1763 1121318
1764 1104135
1765 1102963
1766 1139391
1767 1098215
1768 1175469
1769 1099176
1770 1121418
1771 1102973
1772 1147747
1773 1131857
1774 1130555
1775 1108513
1776 1137378
1777 1080310
1778 1113943
1779 1109355
1780 1097633
1781 1118072
1782 1098876
1783 1346689
1784 1195105
1785 1343554
1786 1299311
1787 1119484
1788 1152476
1789 1151804
1790 1176852
1791 1095790
1792 1176962
1793 1225252
1794 1237575
1795 1178284
1796 1164748
1797 1198863
1798 1128942
1799 1179206
1800 1187842
1801 1309700
1802 1274634
1803 1245980
1804 1170640
1805 1207869
1806 1194976
1807 1167745
1808 1136175
1809 1185027
1810 1126908
1811 1142437
1812 1155722
1813 1174076
1814 1118803
1815 1125305
1816 1207839
1817 1136085
1818 1422351
1819 1239149
1820 1349173
1821 1317434
1822 1263083
1823 1254527
1824 1232686
1825 1408224
1826 1251431
1827 1415437
1828 1782995
1829 1367839
1830 1278272
1831 1643425
1832 1368019
1833 1550941
1834 1384841
1835 1330308
1836 1207759
1837 1156042
1838 1183403
1839 1206517
1840 1191819
1841 1282910
1842 1195997
1843 1287388
1844 1201617
1845 1224290
1846 1280626
1847 1236873
1848 1278933
1849 1326381
1850 1253575
1851 1269124
1852 1300794
1853 1256090
1854 1206627
1855 1271198
1856 1255339
1857 1189836
1858 1232906
1859 1257863
1860 1222117
1861 1239799
1862 1228498
1863 1306854
1864 1252042
1865 1376344
1866 1297467
1867 1304781
1868 1302377
1869 1280625
1870 1245920
1871 1260779
1872 1466653
1873 1243836
1874 1230061
1875 1271038
1876 1277660
1877 1241402
1878 1228158
1879 1248075
1880 1234028
1881 1234970
1882 1278812
1883 1294441
1884 1337913
1885 1342130
1886 1355305
1887 1344335
1888 1378439
1889 1303178
1890 1272781
1891 1266800
1892 1243706
1893 1280685
1894 1247713
1895 1245370
1896 1337292
1897 1591628
1898 1566680
1899 1353351
1900 1249327
1901 1335519
1902 1311253
1903 1269996
1904 1246431
1905 1290003
1906 1242905
1907 1311534
1908 1279003
1909 1291175
1910 1280035
1911 1263974
1912 1317805
1913 1547184
1914 1259987
1915 1326983
1916 1310842
1917 1299270
1918 1541614
1919 1273792
1920 1320390
1921 1342601
1922 1318677
1923 1288861
1924 1392735
1925 1265868
1926 1342792
1927 1405118
1928 1389409
1929 1404868
1930 1369662
1931 1378609
1932 1302737
1933 1321222
1934 1314769
1935 1323065
1936 1365093
1937 1294070
1938 1306854
1939 1365233
1940 1346018
1941 1379811
1942 1338864
1943 1331250
1944 1428082
1945 1387365
1946 1392826
1947 1379681
1948 1349785
1949 1394048
1950 1380553
1951 1416810
1952 1384079
1953 1514092
1954 1332994
1955 1334667
1956 1370674
1957 1402804
1958 1374381
1959 1415979
1960 1347691
1961 1404166
1962 1601175
1963 1604351
1964 1416680
1965 1411390
1966 1380823
1967 1396452
1968 1801510
1969 1389279
1970 1325179
1971 1546242
1972 1425637
1973 1436758
1974 1559898
1975 1395841
1976 1425827
1977 1389940
1978 1424204
1979 1359503
1980 1417362
1981 1366666
1982 1379610
1983 1456815
1984 1690963
1985 1585887
1986 1432169
1987 1373539
1988 2036078
1989 1421900
1990 1377376
1991 1437228
1992 1425978
1993 1410028
1994 1423974
1995 1445304
1996 1451205
1997 1419335
1998 1605734
1999 1436417
2000 1387035
