10 2364
11 2194
12 2134
13 2395
14 2615
15 2525
16 2885
17 3286
18 3236
19 4238
20 3626
21 3938
22 3957
23 4589
24 4589
25 4388
26 4338
27 5220
28 4679
29 5381
30 5460
31 5590
32 5220
33 6152
34 6923
35 6362
36 6282
37 7284
38 7344
39 7454
40 6773
41 8185
42 7234
43 8546
44 7654
45 8376
46 7975
47 8596
48 7975
49 9017
50 9197
51 9227
52 9307
53 9878
54 9749
55 9909
56 10950
57 10429
58 10480
59 11431
60 10630
61 10900
62 11752
63 11061
64 10580
65 12403
66 12714
67 26660
68 12824
69 12984
70 13686
71 13185
72 13205
73 13775
74 13325
75 13976
76 13806
77 14066
78 14257
79 14527
80 14407
81 15098
82 15058
83 16030
84 15299
85 15599
86 15569
87 16230
88 15609
89 16310
90 16500
91 16411
92 16541
93 17552
94 16942
95 16771
96 17372
97 17723
98 17884
99 19126
100 17994
101 18514
102 18184
103 18454
104 18685
105 18956
106 26589
107 20068
108 19516
109 19577
110 19687
111 20288
112 19918
113 20448
114 19506
115 20929
116 20628
117 21129
118 21119
119 21621
120 21340
121 22582
122 21861
123 22432
124 22562
125 30097
126 22071
127 22503
128 22402
129 24415
130 24636
131 24686
132 28072
133 24807
134 25237
135 25117
136 25428
137 25808
138 26830
139 26359
140 25678
141 26209
142 26279
143 26670
144 26239
145 30227
146 28253
147 27261
148 27902
149 27471
150 35105
151 27361
152 27862
153 29686
154 28223
155 31569
156 28644
157 31919
158 30797
159 29245
160 29435
161 29745
162 30166
163 31830
164 30246
165 30577
166 30928
167 30247
168 30517
169 33323
170 31068
171 30046
172 31509
173 32000
174 33232
175 32421
176 32381
177 32781
178 34224
179 34254
180 32892
181 34505
182 33342
183 33423
184 33483
185 34064
186 33833
187 34144
188 35226
189 35607
190 35136
191 36078
192 36167
193 36088
194 36688
195 37069
196 35456
197 36328
198 36549
199 36779
200 36448
201 37020
202 40676
203 39003
204 37400
205 37831
206 40245
207 38582
208 39283
209 40075
210 38242
211 38803
212 38252
213 39995
214 39104
215 39664
216 39133
217 39654
218 40956
219 40926
220 40325
221 43612
222 40475
223 41087
224 41598
225 42058
226 41578
227 42690
228 41288
229 42049
230 42419
231 44293
232 44533
233 43211
234 42970
235 51687
236 43421
237 43681
238 44002
239 47399
240 45485
241 47239
242 41999
243 48761
244 45084
245 47870
246 45165
247 49382
248 46236
249 50805
250 47519
251 49893
252 47049
253 46126
254 47158
255 46627
256 46517
257 49482
258 49583
259 62687
260 51446
261 55674
262 51787
263 53099
264 51146
265 53830
266 50875
267 54852
268 52749
269 54863
270 51436
271 53600
272 68017
273 53570
274 58820
275 53200
276 55173
277 54492
278 58680
279 54843
280 54632
281 55764
282 53951
283 61084
284 53510
285 56876
286 54232
287 55334
288 58199
289 55444
290 59561
291 57187
292 57899
293 56826
294 56255
295 61465
296 56846
297 60664
298 65553
299 59762
300 59020
301 61355
302 61675
303 61285
304 57367
305 62877
306 61976
307 61424
308 63168
309 61074
310 58940
311 62326
312 59782
313 65342
314 63047
315 59361
316 61054
317 84568
318 61104
319 64030
320 64411
321 60273
322 65643
323 66244
324 61434
325 63449
326 65613
327 62888
328 66053
329 65293
330 63679
331 67536
332 63379
333 66605
334 70712
335 65172
336 68688
337 69800
338 64601
339 66203
340 75151
341 68027
342 67967
343 72636
344 69230
345 78657
346 67135
347 87824
348 69060
349 68438
350 68949
351 70352
352 69270
353 70572
354 70472
355 86131
356 74820
357 71614
358 72816
359 70262
360 69359
361 70682
362 88355
363 73688
364 72666
365 67917
366 70031
367 72826
368 72896
369 73036
370 71704
371 75972
372 72365
373 74119
374 73407
375 76012
376 75932
377 74279
378 74699
379 76574
380 73678
381 75492
382 74599
383 74400
384 73417
385 80099
386 78276
387 75661
388 77946
389 75521
390 78146
391 77425
392 76062
393 77465
394 77966
395 80351
396 77935
397 77655
398 79178
399 78748
400 79960
401 78236
402 79999
403 77846
404 75561
405 77144
406 77635
407 79519
408 78416
409 76443
410 88114
411 78187
412 80902
413 79469
414 78627
415 79528
416 78036
417 81232
418 79369
419 84217
420 79829
421 83215
422 79239
423 80801
424 82694
425 86482
426 82715
427 86101
428 84428
429 84518
430 98153
431 87173
432 86081
433 84909
434 85129
435 87164
436 87193
437 86411
438 84909
439 86542
440 87965
441 94236
442 89597
443 88756
444 90268
445 88235
446 85200
447 89467
448 111269
449 92403
450 88145
451 88676
452 92192
453 89047
454 98965
455 89598
456 91531
457 91711
458 92483
459 89217
460 89808
461 92413
462 86642
463 91551
464 107691
465 100097
466 91511
467 93856
468 92854
469 91471
470 90830
471 108342
472 89678
473 95689
474 92153
475 95218
476 92143
477 100548
478 94838
479 95558
480 94617
481 95730
482 97913
483 103594
484 99826
485 102492
486 100278
487 110958
488 98995
489 98915
490 98575
491 99196
492 112731
493 104215
494 104235
495 101310
496 103704
497 99686
498 99587
499 99887
500 100598
501 104525
502 101891
503 104195
504 100268
505 102953
506 100719
507 113292
508 106420
509 125084
510 102962
511 108793
512 102301
513 109555
514 110887
515 106560
516 106700
517 109474
518 107411
519 108744
520 143979
521 106189
522 107241
523 110497
524 109204
525 111890
526 112209
527 109204
528 113161
529 133901
530 107601
531 107150
532 108843
533 110276
534 109154
535 111929
536 111900
537 107681
538 108122
539 112100
540 110476
541 109755
542 110256
543 137036
544 113011
545 110216
546 113242
547 112411
548 113743
549 117500
550 111879
551 113012
552 110106
553 112430
554 113262
555 116488
556 120235
557 114324
558 113092
559 117109
560 115045
561 113242
562 119153
563 129853
564 113082
565 122830
566 115856
567 117700
568 115316
569 116478
570 114314
571 114885
572 114544
573 116708
574 116127
575 125775
576 115155
577 116277
578 116698
579 118892
580 118993
581 117420
582 120306
583 121006
584 120806
585 122409
586 122439
587 126667
588 120405
589 120605
590 116258
591 120856
592 123171
593 120656
594 119243
595 118863
596 115506
597 122699
598 120295
599 127218
600 125494
601 121437
602 124122
603 124293
604 139551
605 124463
606 127188
607 125003
608 124583
609 125214
610 123642
611 126998
612 123902
613 125985
614 125144
615 126035
616 128571
617 125134
618 125214
619 127228
620 200706
621 134361
622 127439
623 144901
624 130424
625 132438
626 126166
627 127107
628 130845
629 135453
630 128701
631 129602
632 127648
633 131736
634 132358
635 130534
636 134922
637 138048
638 147186
639 133970
640 144390
641 132458
642 133079
643 131396
644 132398
645 130995
646 133089
647 131786
648 132278
649 134010
650 134822
651 134682
652 135814
653 134642
654 133910
655 141185
656 196298
657 193312
658 133339
659 142496
660 135423
661 142005
662 137377
663 134561
664 152425
665 137958
666 134852
667 138439
668 135183
669 135654
670 134762
671 138579
672 136675
673 136585
674 136886
675 137718
676 138599
677 138659
678 137707
679 139100
680 159879
681 138429
682 140162
683 147726
684 140753
685 143409
686 140112
687 142697
688 139711
689 140533
690 142847
691 149209
692 145041
693 142126
694 140753
695 143829
696 163015
697 139100
698 147937
699 177622
700 143969
701 143589
702 141595
703 145402
704 140623
705 144450
706 146995
707 143088
708 140423
709 142377
710 172533
711 148027
712 158707
713 144751
714 146954
715 148377
716 144731
717 163796
718 147145
719 145082
720 144260
721 143708
722 145422
723 155131
724 145922
725 146684
726 146203
727 153317
728 148198
729 152034
730 147756
731 150602
732 147917
733 150912
734 147336
735 155701
736 148628
737 148588
738 151764
739 154189
740 150221
741 150231
742 152365
743 149920
744 150351
745 152135
746 151403
747 153367
748 154559
749 158436
750 151293
751 158206
752 152565
753 153928
754 153847
755 152826
756 156012
757 159408
758 157605
759 153487
760 174106
761 172553
762 156673
763 148738
764 155520
765 157425
766 162824
767 160580
768 156072
769 159909
770 154929
771 159128
772 155751
773 157895
774 157164
775 160831
776 156903
777 161702
778 158707
779 169747
780 161753
781 158948
782 157766
783 159438
784 160420
785 163005
786 160781
787 156422
788 158817
789 161212
790 157936
791 175208
792 160109
793 343062
794 159448
795 164558
796 166341
797 168475
798 162054
799 163406
800 165580
801 164528
802 166391
803 165159
804 163766
805 167934
806 165800
807 165099
808 164257
809 166060
810 172533
811 165159
812 164538
813 166822
814 165509
815 167603
816 163687
817 166672
818 167303
819 167163
820 166471
821 167373
822 167814
823 173274
824 166953
825 167183
826 172342
827 168345
828 168796
829 177432
830 167804
831 172423
832 166170
833 164477
834 173985
835 168134
836 162815
837 171000
838 165199
839 171621
840 164698
841 170619
842 168926
843 170970
844 167714
845 164908
846 164778
847 169317
848 171831
849 170028
850 167964
851 167944
852 169267
853 166772
854 171611
855 168385
856 169076
857 168785
858 177742
859 169417
860 167834
861 182221
862 174947
863 166872
864 185146
865 179024
866 174496
867 178123
868 174236
869 175899
870 175237
871 175589
872 178484
873 179366
874 221514
875 181810
876 179245
877 188823
878 175959
879 181970
880 174626
881 184545
882 188252
883 176721
884 213279
885 179516
886 181189
887 182311
888 178293
889 179546
890 181559
891 193993
892 178323
893 180818
894 177332
895 183162
896 175789
897 186920
898 185938
899 179235
900 179616
901 182752
902 179296
903 182472
904 180728
905 179997
906 179065
907 176681
908 181379
909 182201
910 180308
911 186339
912 186228
913 181389
914 181960
915 183543
916 184936
917 185628
918 186419
919 188172
920 184194
921 183423
922 193352
923 187020
924 186889
925 187621
926 187210
927 185166
928 187801
929 193482
930 186980
931 186279
932 190016
933 185567
934 189134
935 199193
936 188893
937 189124
938 190106
939 221644
940 180868
941 189173
942 189995
943 187942
944 189585
945 192460
946 199673
947 187571
948 200696
949 189885
950 192630
951 191568
952 192931
953 192861
954 195366
955 190837
956 193241
957 194363
958 214091
959 192931
960 202008
961 194413
962 199132
963 197800
964 218469
965 194393
966 195887
967 215363
968 196057
969 195846
970 199082
971 196918
972 193552
973 199343
974 193402
975 197048
976 196227
977 215513
978 206677
979 211826
980 211355
981 211736
982 209813
983 210464
984 214812
985 207248
986 216475
987 208160
988 211175
989 213570
990 212477
991 215503
992 212217
993 212007
994 220633
995 211746
996 215944
997 220172
998 211997
999 212778
1000 216815
1001 216134
1002 205825
1003 206947
1004 217777
1005 203621
1006 203741
1007 203721
1008 201397
1009 205063
1010 205244
1011 204132
1012 211486
1013 214651
1014 210063
1015 208931
1016 209041
1017 207508
1018 206887
1019 205574
1020 209282
1021 207949
1022 208861
1023 208901
1024 227356
1025 214933
1026 214220
1027 215072
1028 223178
1029 263984
1030 216194
1031 217457
1032 217397
1033 225122
1034 225902
1035 213009
1036 223387
1037 215883
1038 241171
1039 219230
1040 218719
1041 223107
1042 217447
1043 221494
1044 218037
1045 221384
1046 219000
1047 225242
1048 218669
1049 220422
1050 234429
1051 224560
1052 225442
1053 232705
1054 222376
1055 223759
1056 224049
1057 231383
1058 220833
1059 223047
1060 222296
1061 222577
1062 244818
1063 223989
1064 221254
1065 233487
1066 228718
1067 227245
1068 224570
1069 226194
1070 228668
1071 287098
1072 252282
1073 255788
1074 245951
1075 255147
1076 260337
1077 250688
1078 225011
1079 228197
1080 225632
1081 227295
1082 245690
1083 265146
1084 252623
1085 235902
1086 225913
1087 230180
1088 228868
1089 232846
1090 232064
1091 246621
1092 266208
1093 229038
1094 250478
1095 262791
1096 251110
1097 245108
1098 241732
1099 246832
1100 242143
1101 262261
1102 245479
1103 253735
1104 248064
1105 251871
1106 246952
1107 263743
1108 260758
1109 246681
1110 255258
1111 246682
1112 251180
1113 250378
1114 245549
1115 249778
1116 242423
1117 245289
1118 246681
1119 247152
1120 244036
1121 245589
1122 259846
1123 253334
1124 243686
1125 246291
1126 245009
1127 253875
1128 245649
1129 245259
1130 260207
1131 249727
1132 260437
1133 258774
1134 240490
1135 245479
1136 233026
1137 234378
1138 252833
1139 247933
1140 235791
1141 243074
1142 242584
1143 239058
1144 278270
1145 241752
1146 244448
1147 297366
1148 240500
1149 237815
1150 237765
1151 243525
1152 237464
1153 241852
1154 247574
1155 239137
1156 243075
1157 239238
1158 243285
1159 243496
1160 245099
1161 242985
1162 266398
1163 249737
1164 261569
1165 261329
1166 286667
1167 277168
1168 264014
1169 258774
1170 246521
1171 246011
1172 253705
1173 267070
1174 246171
1175 434313
1176 477914
1177 295633
1178 567261
1179 335337
1180 269434
1181 284241
1182 264064
1183 366175
1184 298559
1185 309349
1186 321331
1187 507489
1188 259596
1189 281467
1190 263203
1191 272750
1192 309509
1193 283330
1194 283170
1195 257332
1196 250268
1197 248585
1198 259606
1199 310151
1200 283911
1201 291976
1202 316172
1203 254456
1204 252102
1205 273181
1206 269635
1207 266468
1208 365824
1209 280295
1210 281547
1211 286646
1212 278652
1213 275856
1214 275816
1215 259806
1216 253264
1217 272810
1218 267861
1219 396121
1220 354363
1221 262862
1222 265536
1223 263253
1224 259215
1225 267150
1226 261209
1227 298939
1228 395149
1229 254927
1230 265246
1231 257672
1232 256409
1233 256720
1234 267009
1235 258644
1236 257090
1237 254586
1238 260017
1239 260958
1240 268463
1241 275225
1242 262451
1243 272580
1244 271157
1245 276558
1246 279613
1247 283040
1248 272730
1249 277199
1250 278220
1251 273491
1252 271849
1253 289091
1254 257662
1255 280966
1256 255087
1257 276226
1258 268382
1259 277429
1260 260998
1261 260347
1262 261669
1263 262161
1264 260518
1265 263002
1266 270577
1267 261760
1268 286406
1269 285584
1270 286636
1271 358942
1272 284542
1273 319247
1274 285894
1275 283931
1276 265266
1277 264885
1278 270727
1279 285765
1280 275756
1281 268733
1282 266028
1283 282789
1284 288470
1285 285444
1286 263203
1287 279473
1288 270876
1289 269865
1290 276638
1291 280845
1292 308577
1293 269674
1294 268913
1295 281927
1296 396683
1297 278821
1298 283971
1299 275545
1300 270787
1301 274754
1302 273101
1303 268482
1304 292798
1305 267661
1306 275055
1307 270626
1308 270646
1309 285444
1310 271468
1311 276928
1312 270486
1313 290935
1314 275635
1315 276057
1316 278622
1317 272731
1318 276488
1319 321342
1320 286577
1321 284703
1322 276597
1323 275426
1324 278581
1325 296495
1326 275926
1327 277329
1328 289081
1329 301944
1330 282749
1331 309619
1332 292086
1333 293338
1334 277800
1335 287669
1336 276958
1337 276006
1338 278491
1339 281185
1340 278531
1341 279744
1342 284652
1343 275606
1344 281306
1345 402172
1346 319117
1347 283630
1348 280504
1349 283280
1350 316091
1351 332733
1352 282278
1353 280535
1354 280856
1355 281006
1356 291906
1357 284893
1358 324056
1359 310250
1360 305452
1361 307255
1362 303889
1363 330138
1364 307365
1365 320901
1366 310230
1367 319668
1368 346288
1369 297677
1370 293089
1371 287899
1372 288911
1373 288941
1374 284823
1375 292668
1376 286516
1377 284151
1378 283981
1379 292356
1380 285504
1381 292497
1382 295823
1383 292707
1384 287739
1385 285555
1386 286375
1387 290123
1388 311803
1389 318415
1390 359763
1391 300132
1392 326100
1393 310991
1394 310090
1395 399697
1396 357098
1397 325759
1398 340627
1399 376194
1400 340196
1401 413193
1402 412241
1403 310070
1404 291114
1405 292387
1406 290724
1407 293128
1408 296164
1409 293078
1410 291546
1411 306884
1412 310651
1413 317454
1414 329025
1415 344264
1416 326902
1417 310681
1418 322784
1419 358982
1420 297496
1421 345867
1422 326661
1423 308808
1424 305962
1425 306794
1426 366726
1427 291425
1428 303528
1429 336239
1430 324497
1431 317383
1432 332813
1433 309439
1434 311423
1435 303698
1436 310982
1437 312264
1438 298658
1439 336028
1440 297517
1441 294421
1442 303427
1443 299290
1444 333965
1445 306052
1446 324718
1447 310921
1448 304489
1449 315169
1450 333253
1451 303157
1452 304460
1453 366465
1454 306052
1455 294962
1456 331601
1457 308067
1458 320620
1459 309289
1460 349584
1461 303237
1462 302857
1463 314448
1464 308276
1465 302186
1466 301965
1467 307445
1468 310811
1469 303929
1470 315790
1471 310000
1472 305712
1473 308317
1474 314388
1475 313486
1476 304770
1477 313476
1478 307715
1479 311423
1480 347500
1481 318535
1482 308147
1483 316001
1484 309709
1485 306403
1486 306093
1487 306343
1488 302766
1489 319187
1490 322022
1491 306474
1492 310712
1493 337050
1494 311453
1495 308447
1496 324346
1497 319427
1498 308758
1499 308468
1500 309449
1501 311523
1502 311142
1503 308798
1504 311783
1505 318145
1506 305452
1507 313486
1508 329606
1509 309058
1510 342801
1511 317905
1512 327503
1513 325720
1514 318586
1515 315480
1516 326220
1517 325298
1518 322002
1519 314068
1520 318876
1521 328525
1522 313687
1523 355364
1524 322343
1525 326070
1526 319127
1527 324147
1528 322894
1529 336229
1530 317303
1531 324326
1532 315680
1533 323626
1534 321812
1535 335959
1536 323324
1537 322553
1538 323104
1539 319287
1540 334856
1541 319127
1542 319157
1543 315751
1544 324777
1545 320379
1546 489516
1547 320941
1548 323595
1549 326330
1550 336129
1551 333785
1552 323065
1553 322083
1554 342020
1555 321101
1556 334386
1557 339184
1558 324928
1559 323886
1560 326231
1561 335487
1562 327723
1563 330559
1564 322984
1565 332312
1566 339515
1567 324527
1568 333443
1569 355836
1570 325358
1571 327131
1572 326812
1573 325389
1574 326301
1575 332602
1576 327894
1577 329296
1578 332722
1579 329797
1580 342611
1581 328354
1582 330719
1583 330378
1584 329317
1585 335648
1586 333574
1587 333985
1588 340938
1589 339615
1590 344865
1591 343393
1592 340287
1593 335378
1594 342360
1595 339845
1596 338543
1597 335317
1598 336740
1599 337992
1600 365674
1601 339304
1602 342300
1603 336690
1604 328595
1605 331500
1606 336219
1607 332171
1608 335458
1609 337251
1610 333313
1611 349554
1612 335638
1613 353100
1614 338303
1615 331580
1616 333985
1617 335537
1618 348672
1619 322293
1620 340227
1621 335026
1622 376755
1623 338723
1624 343112
1625 345737
1626 349945
1627 341138
1628 338003
1629 341178
1630 348633
1631 339755
1632 372557
1633 345927
1634 339786
1635 371625
1636 336330
1637 355495
1638 345646
1639 352810
1640 342591
1641 405599
1642 356306
1643 347810
1644 377837
1645 347160
1646 345687
1647 349734
1648 356917
1649 358280
1650 344474
1651 345025
1652 352950
1653 356818
1654 366846
1655 355114
1656 343002
1657 347220
1658 351217
1659 351698
1660 351458
1661 362749
1662 346217
1663 349343
1664 342771
1665 341078
1666 342371
1667 364061
1668 345867
1669 347770
1670 345947
1671 341890
1672 347911
1673 350826
1674 345937
1675 346248
1676 347400
1677 342401
1678 372928
1679 363750
1680 385421
1681 382856
1682 354413
1683 430606
1684 355746
1685 366616
1686 355906
1687 359092
1688 394167
1689 353641
1690 360114
1691 355725
1692 384669
1693 437729
1694 356638
1695 366245
1696 362117
1697 359463
1698 362057
1699 363239
1700 362017
1701 370463
1702 364812
1703 360985
1704 358551
1705 356286
1706 372536
1707 374841
1708 366756
1709 372537
1710 364461
1711 374962
1712 364041
1713 375081
1714 378628
1715 362167
1716 382976
1717 369030
1718 348001
1719 407162
1720 377466
1721 367157
1722 376855
1723 365243
1724 366596
1725 376384
1726 362879
1727 367337
1728 367979
1729 381183
1730 375843
1731 403063
1732 401391
1733 376354
1734 374851
1735 385592
1736 362728
1737 389418
1738 416970
1739 392654
1740 419043
1741 363509
1742 374290
1743 372496
1744 365293
1745 372537
1746 355625
1747 364341
1748 384049
1749 362568
1750 367177
1751 367076
1752 365964
1753 368610
1754 405709
1755 373078
1756 381463
1757 387936
1758 372928
1759 374180
1760 379791
1761 377967
1762 380321
1763 371786
1764 368329
1765 378749
1766 370213
1767 377757
1768 374681
1769 385231
1770 369221
1771 368389
1772 398014
1773 389588
1774 382445
1775 387785
1776 359723
1777 398395
1778 367447
1779 371505
1780 461503
1781 369301
1782 384790
1783 376694
1784 401341
1785 459871
1786 386162
1787 411509
1788 468086
1789 394728
1790 374881
1791 391122
1792 419986
1793 426318
1794 410628
1795 394518
1796 383898
1797 400298
1798 383557
1799 410148
1800 520834
1801 434062
1802 415988
1803 383056
1804 380011
1805 368299
1806 369491
1807 373258
1808 373439
1809 391422
1810 376314
1811 377225
1812 391612
1813 380481
1814 387215
1815 376314
1816 395701
1817 377566
1818 441516
1819 394227
1820 434052
1821 420537
1822 459740
1823 429974
1824 436486
1825 557382
1826 485839
1827 540321
1828 462696
1829 427540
1830 446105
1831 435014
1832 477062
1833 517087
1834 409326
1835 431097
1836 400840
1837 415137
1838 385821
1839 385962
1840 382115
1841 394578
1842 392334
1843 399938
1844 392274
1845 391412
1846 406200
1847 395069
1848 399096
1849 404556
1850 387495
1851 427319
1852 391903
1853 387615
1854 410027
1855 389489
1856 401090
1857 400620
1858 393636
1859 414926
1860 518490
1861 403855
1862 397012
1863 413714
1864 429433
1865 410718
1866 407001
1867 405940
1868 403244
1869 411800
1870 400168
1871 404296
1872 394959
1873 468997
1874 412541
1875 391913
1876 389799
1877 399087
1878 399627
1879 395179
1880 398154
1881 426197
1882 407201
1883 436787
1884 442257
1885 412371
1886 409786
1887 398546
1888 424133
1889 423923
1890 396752
1891 409085
1892 397363
1893 393166
1894 397373
1895 426357
1896 420196
1897 432559
1898 438199
1899 426788
1900 404467
1901 402543
1902 566890
1903 420417
1904 402553
1905 417671
1906 405850
1907 403725
1908 403234
1909 408465
1910 428331
1911 406170
1912 404877
1913 394658
1914 425065
1915 407793
1916 410728
1917 404747
1918 394057
1919 402103
1920 410738
1921 404697
1922 399447
1923 401612
1924 407402
1925 400028
1926 402263
1927 442598
1928 423402
1929 436045
1930 467124
1931 434844
1932 416790
1933 418733
1934 411831
1935 402764
1936 405899
1937 412131
1938 415857
1939 411760
1940 404417
1941 404376
1942 405729
1943 431156
1944 444351
1945 417301
1946 501328
1947 420046
1948 442958
1949 419094
1950 419395
1951 420677
1952 454179
1953 518821
1954 414515
1955 418703
1956 466843
1957 633926
1958 478005
1959 410408
1960 427370
1961 436496
1962 604361
1963 486080
1964 471623
1965 424605
1966 427239
1967 417731
1968 496979
1969 419174
1970 418403
1971 428081
1972 430094
1973 531014
1974 1314849
1975 457516
1976 528699
1977 414505
1978 415497
1979 460672
1980 419414
1981 419816
1982 544298
1983 538558
1984 454400
1985 417631
1986 484546
1987 420847
1988 427840
1989 496379
1990 421769
1991 494805
1992 420236
1993 492261
1994 435294
1995 434152
1996 422550
1997 418763
1998 537065
1999 415898
2000 421077
