10 1052
11 772
12 872
13 771
14 1352
15 1112
16 1483
17 1092
18 1122
19 1633
20 1343
21 1433
22 2114
23 1964
24 1913
25 1683
26 1653
27 2274
28 1754
29 2745
30 2374
31 2505
32 2113
33 3115
34 2685
35 2394
36 2294
37 3206
38 2915
39 2836
40 2795
41 3406
42 2845
43 3496
44 3116
45 3527
46 3196
47 3617
48 4218
49 3496
50 3857
51 4177
52 4067
53 4548
54 4058
55 4257
56 3958
57 4308
58 4268
59 4449
60 4559
61 4809
62 4869
63 5220
64 5060
65 4939
66 5330
67 5540
68 5049
69 5611
70 5400
71 5501
72 5580
73 5891
74 5861
75 6041
76 5700
77 5841
78 6031
79 6422
80 6162
81 6522
82 6682
83 6702
84 6492
85 7074
86 6673
87 7044
88 6983
89 7264
90 7123
91 7143
92 7734
93 6993
94 8015
95 7263
96 7655
97 7504
98 7975
99 8235
100 8005
101 7685
102 8285
103 8796
104 8676
105 8546
106 9157
107 8556
108 8816
109 8786
110 9057
111 8676
112 8746
113 9087
114 8947
115 9387
116 9778
117 9287
118 9198
119 10600
120 9328
121 9147
122 9969
123 10770
124 11091
125 10770
126 10360
127 10059
128 10299
129 10019
130 10309
131 10680
132 10810
133 10449
134 11371
135 11231
136 10790
137 11822
138 12423
139 11170
140 11642
141 12273
142 13314
143 11953
144 11762
145 12143
146 11802
147 11933
148 12213
149 13425
150 11862
151 12132
152 12212
153 12734
154 12945
155 13035
156 13585
157 13045
158 13235
159 14457
160 13665
161 13375
162 13506
163 14116
164 13445
165 13385
166 13656
167 14087
168 14187
169 13555
170 15920
171 14738
172 13846
173 14317
174 13635
175 14497
176 15078
177 15178
178 15048
179 15269
180 13666
181 15429
182 14878
183 16671
184 15018
185 15569
186 15609
187 15880
188 15298
189 15949
190 15610
191 16551
192 16691
193 16461
194 16190
195 16080
196 16270
197 16691
198 16431
199 16641
200 16491
201 17192
202 18925
203 17874
204 17172
205 17994
206 18114
207 17613
208 17833
209 17603
210 17142
211 18505
212 17933
213 17763
214 17343
215 18594
216 18244
217 17704
218 19526
219 20588
220 19597
221 19016
222 18966
223 19326
224 20118
225 18044
226 18725
227 19406
228 19357
229 19176
230 19977
231 19507
232 18906
233 19687
234 19928
235 19516
236 19616
237 20168
238 20329
239 19536
240 19887
241 19587
242 20659
243 20919
244 20639
245 20388
246 21020
247 22031
248 22081
249 21169
250 20739
251 21260
252 22813
253 22252
254 22122
255 22943
256 21450
257 22202
258 24065
259 22873
260 22011
261 22261
262 23704
263 22643
264 22492
265 22282
266 26359
267 23864
268 22963
269 22572
270 23354
271 25117
272 24155
273 25889
274 23624
275 23854
276 25277
277 25248
278 25036
279 25378
280 24165
281 25879
282 24556
283 26470
284 25067
285 24295
286 25458
287 25398
288 28363
289 23785
290 25317
291 25057
292 25407
293 25378
294 25177
295 26269
296 24346
297 28203
298 27371
299 24937
300 26039
301 30167
302 27030
303 27080
304 27331
305 26280
306 26059
307 28914
308 26209
309 27201
310 28703
311 27461
312 32270
313 28994
314 30818
315 27572
316 29886
317 29906
318 30336
319 27702
320 28624
321 28203
322 29535
323 27802
324 28543
325 29716
326 29185
327 30117
328 30727
329 38862
330 30487
331 28483
332 37289
333 30166
334 29876
335 31018
336 30557
337 29646
338 32190
339 30988
340 31389
341 31800
342 32591
343 31940
344 32911
345 31559
346 31189
347 32410
348 30817
349 32110
350 34264
351 31640
352 31890
353 30447
354 33923
355 34875
356 34154
357 31469
358 31238
359 32601
360 34244
361 32911
362 33032
363 33523
364 32200
365 31619
366 34625
367 32651
368 34815
369 46377
370 36509
371 33924
372 32671
373 35877
374 32901
375 33743
376 34675
377 35146
378 33002
379 34274
380 33393
381 36138
382 35407
383 34254
384 36849
385 33843
386 35205
387 35737
388 36328
389 35577
390 35807
391 35066
392 39003
393 38823
394 35767
395 37580
396 35497
397 35957
398 35576
399 40896
400 35406
401 38492
402 35607
403 35487
404 37681
405 36388
406 36007
407 37420
408 36358
409 39153
410 36438
411 36008
412 49813
413 36067
414 41057
415 38703
416 37010
417 37570
418 36518
419 38352
420 38312
421 39103
422 38743
423 37129
424 39805
425 38181
426 39343
427 40886
428 41909
429 37280
430 40445
431 41678
432 39885
433 39183
434 42058
435 41898
436 39594
437 43952
438 38983
439 39985
440 44724
441 41748
442 40175
443 39955
444 40937
445 42049
446 41268
447 43612
448 44052
449 40495
450 42219
451 41268
452 41849
453 40336
454 41869
455 41889
456 43210
457 39655
458 41578
459 42239
460 40856
461 41608
462 41408
463 45014
464 47479
465 46096
466 41688
467 45526
468 49723
469 44594
470 51716
471 45746
472 46327
473 44162
474 42500
475 45495
476 52828
477 45926
478 45675
479 50604
480 46417
481 48831
482 69299
483 45244
484 47378
485 49853
486 47198
487 45485
488 49532
489 46707
490 62387
491 50295
492 46757
493 49884
494 46567
495 48601
496 52217
497 46056
498 48551
499 50684
500 53510
501 48110
502 46417
503 50014
504 45946
505 45735
506 46417
507 61485
508 53680
509 49102
510 50906
511 56846
512 50875
513 49122
514 47319
515 50885
516 47409
517 51025
518 49633
519 116581
520 52949
521 48671
522 48631
523 60112
524 49362
525 50895
526 56195
527 49262
528 48621
529 48090
530 49683
531 51397
532 52157
533 54822
534 53369
535 49844
536 63048
537 57637
538 51556
539 49944
540 52017
541 51046
542 51397
543 50104
544 53951
545 54151
546 50975
547 53430
548 73197
549 54451
550 49773
551 53400
552 58419
553 50925
554 50074
555 54833
556 54873
557 53771
558 53159
559 52298
560 56356
561 53871
562 50695
563 51927
564 52238
565 59371
566 54923
567 49733
568 50364
569 54312
570 53621
571 54782
572 56626
573 51256
574 58469
575 59020
576 55253
577 56495
578 58840
579 51917
580 83566
581 59701
582 53430
583 54943
584 52849
585 53981
586 55594
587 52097
588 55123
589 54202
590 57307
591 55364
592 57217
593 54893
594 56275
595 56566
596 59942
597 56315
598 57417
599 56385
600 55615
601 57578
602 57497
603 56265
604 58039
605 58269
606 58189
607 54312
608 57638
609 55434
610 59401
611 59751
612 54953
613 54833
614 59441
615 59251
616 58480
617 63007
618 59231
619 60633
620 64801
621 68358
622 61154
623 60503
624 62757
625 57457
626 57037
627 62106
628 63068
629 60493
630 56416
631 63849
632 62747
633 65132
634 61715
635 58008
636 60563
637 67025
638 72446
639 62266
640 58930
641 61956
642 62738
643 65643
644 112710
645 64962
646 60403
647 62607
648 59662
649 62437
650 61365
651 62416
652 60733
653 58539
654 64511
655 76683
656 63549
657 62467
658 66645
659 63750
660 62237
661 60854
662 77004
663 71063
664 65873
665 66425
666 61055
667 63990
668 68518
669 75882
670 67737
671 64040
672 62577
673 64050
674 67617
675 65122
676 63379
677 67065
678 63899
679 91180
680 69289
681 67456
682 63008
683 63950
684 64531
685 70211
686 69741
687 63168
688 69981
689 66885
690 83857
691 65512
692 67687
693 68328
694 65553
695 74159
696 66023
697 64511
698 69991
699 68328
700 66003
701 71755
702 69080
703 71975
704 69440
705 70942
706 75190
707 67687
708 97603
709 68578
710 70071
711 73979
712 68608
713 68919
714 67496
715 68889
716 66855
717 68768
718 70031
719 67886
720 71443
721 71675
722 69921
723 70762
724 71013
725 70753
726 71313
727 70602
728 71915
729 70682
730 71053
731 71404
732 67276
733 70502
734 75120
735 73297
736 85830
737 70853
738 90790
739 72896
740 73126
741 75992
742 70883
743 70431
744 69700
745 69921
746 71674
747 71694
748 77455
749 73387
750 71484
751 73407
752 77224
753 73949
754 71865
755 109565
756 93646
757 71614
758 89267
759 71243
760 72255
761 74559
762 75672
763 75090
764 75732
765 75441
766 81412
767 78988
768 78056
769 77254
770 73788
771 77986
772 79869
773 79890
774 76964
775 79909
776 74880
777 80561
778 80050
779 80010
780 81142
781 74399
782 80381
783 75762
784 77174
785 78317
786 75452
787 82134
788 72846
789 85239
790 77515
791 77735
792 78817
793 78327
794 82184
795 85750
796 81242
797 77495
798 74589
799 81883
800 101490
801 77745
802 80301
803 76493
804 85650
805 80471
806 91962
807 80561
808 81232
809 79569
810 76603
811 83396
812 77555
813 81022
814 82815
815 84488
816 79860
817 79429
818 80581
819 78426
820 84407
821 82354
822 92583
823 80531
824 89308
825 77675
826 81412
827 78227
828 82194
829 87403
830 84688
831 84278
832 79529
833 81542
834 81172
835 83507
836 84798
837 81102
838 76433
839 79008
840 79309
841 83316
842 83166
843 82004
844 78567
845 82585
846 80440
847 81131
848 82835
849 82404
850 80601
851 85050
852 84989
853 88525
854 82915
855 84869
856 80701
857 82975
858 82775
859 89568
860 83416
861 89207
862 83877
863 82534
864 85400
865 83626
866 102592
867 88596
868 86141
869 88726
870 88295
871 81923
872 87594
873 89868
874 89197
875 83116
876 83967
877 84118
878 84638
879 89427
880 83807
881 86341
882 85410
883 87343
884 89357
885 93725
886 89056
887 87363
888 87604
889 90991
890 86292
891 94356
892 85861
893 95809
894 93756
895 89187
896 91120
897 91050
898 83376
899 92643
900 85180
901 86311
902 91511
903 86672
904 84398
905 101731
906 88665
907 91301
908 89458
909 89627
910 88296
911 89557
912 99045
913 88616
914 99015
915 83787
916 88746
917 88355
918 100097
919 92904
920 94006
921 89127
922 90089
923 90649
924 89337
925 91150
926 90179
927 95098
928 89998
929 98304
930 119955
931 88316
932 94607
933 89067
934 92503
935 91301
936 96300
937 94867
938 97592
939 100849
940 91922
941 95799
942 95649
943 92523
944 92604
945 104456
946 93184
947 94677
948 95769
949 89698
950 94447
951 97292
952 94196
953 90390
954 89398
955 97763
956 107661
957 92002
958 91791
959 91822
960 93084
961 129783
962 96351
963 93695
964 96801
965 91521
966 99005
967 133289
968 94918
969 99456
970 97533
971 92603
972 92162
973 94858
974 94998
975 92263
976 96049
977 99937
978 100878
979 103935
980 100148
981 102913
982 99026
983 104595
984 105417
985 100729
986 105107
987 99536
988 130474
989 103253
990 102852
991 113382
992 100137
993 101600
994 104005
995 112310
996 111819
997 102592
998 105036
999 100017
1000 104756
1001 109124
1002 102211
1003 103393
1004 100539
1005 99777
1006 97753
1007 101029
1008 100408
1009 107562
1010 102361
1011 104025
1012 101580
1013 106799
1014 101500
1015 100208
1016 99496
1017 102422
1018 105047
1019 110928
1020 104566
1021 102532
1022 105537
1023 100698
1024 104486
1025 100278
1026 114204
1027 106138
1028 105648
1029 97583
1030 104275
1031 105187
1032 101690
1033 101710
1034 103203
1035 108763
1036 102001
1037 103754
1038 108824
1039 103163
1040 104776
1041 107791
1042 119564
1043 107701
1044 103654
1045 102511
1046 109855
1047 104305
1048 104947
1049 106869
1050 104205
1051 111819
1052 109184
1053 136776
1054 110597
1055 101760
1056 106860
1057 107651
1058 111027
1059 107561
1060 102512
1061 109565
1062 107942
1063 114064
1064 105678
1065 104305
1066 108223
1067 113001
1068 110446
1069 110287
1070 120275
1071 127799
1072 121127
1073 118792
1074 115025
1075 122880
1076 120495
1077 119393
1078 112691
1079 115637
1080 111218
1081 115717
1082 107010
1083 106710
1084 111789
1085 154629
1086 107031
1087 109144
1088 116118
1089 109685
1090 115105
1091 113933
1092 109956
1093 116368
1094 119894
1095 117890
1096 114645
1097 120686
1098 111949
1099 114474
1100 117921
1101 118913
1102 125635
1103 123731
1104 121296
1105 125916
1106 123191
1107 120756
1108 117570
1109 118131
1110 126287
1111 117520
1112 134882
1113 117149
1114 122138
1115 117039
1116 119052
1117 124583
1118 113663
1119 132338
1120 118090
1121 123732
1122 117650
1123 127549
1124 125405
1125 121267
1126 114514
1127 125565
1128 119003
1129 124533
1130 128180
1131 121888
1132 119323
1133 117690
1134 113923
1135 118882
1136 112831
1137 121647
1138 110026
1139 113392
1140 120976
1141 111238
1142 112280
1143 121096
1144 115405
1145 117570
1146 115216
1147 116728
1148 118722
1149 118962
1150 109364
1151 115146
1152 132498
1153 117530
1154 111208
1155 115106
1156 114554
1157 116218
1158 120446
1159 121487
1160 115927
1161 114695
1162 120014
1163 118000
1164 133740
1165 164989
1166 136716
1167 130564
1168 124904
1169 132097
1170 118832
1171 126987
1172 122860
1173 129072
1174 116678
1175 201698
1176 161762
1177 142096
1178 160480
1179 138860
1180 134341
1181 254905
1182 163707
1183 197409
1184 179867
1185 133299
1186 152135
1187 162324
1188 134822
1189 143078
1190 130514
1191 134241
1192 145793
1193 135303
1194 142456
1195 123441
1196 118612
1197 127268
1198 137708
1199 142326
1200 139000
1201 231794
1202 124663
1203 127188
1204 132599
1205 118382
1206 127067
1207 133640
1208 152014
1209 145402
1210 138369
1211 132368
1212 135604
1213 131085
1214 142496
1215 124362
1216 131506
1217 123260
1218 176781
1219 145993
1220 133991
1221 125795
1222 133459
1223 121157
1224 125214
1225 127799
1226 122699
1227 166962
1228 179305
1229 123571
1230 179626
1231 125464
1232 154299
1233 123742
1234 125395
1235 126436
1236 122469
1237 125776
1238 125966
1239 126336
1240 131266
1241 140222
1242 136456
1243 141475
1244 134872
1245 137006
1246 136485
1247 132668
1248 127980
1249 132177
1250 135343
1251 138980
1252 144189
1253 138289
1254 132699
1255 132838
1256 126627
1257 138249
1258 136025
1259 140894
1260 134862
1261 128010
1262 136095
1263 135503
1264 129933
1265 133750
1266 137627
1267 137297
1268 131696
1269 134832
1270 164257
1271 128761
1272 126837
1273 139871
1274 138349
1275 145822
1276 131446
1277 126566
1278 135945
1279 135724
1280 132829
1281 141395
1282 132999
1283 140493
1284 144481
1285 136235
1286 132669
1287 137036
1288 135033
1289 131686
1290 135223
1291 128650
1292 137537
1293 127699
1294 252505
1295 130014
1296 137787
1297 138048
1298 133239
1299 133590
1300 408764
1301 135875
1302 127819
1303 138799
1304 135714
1305 134923
1306 139251
1307 142046
1308 135373
1309 130374
1310 132087
1311 139892
1312 131667
1313 136576
1314 144050
1315 142196
1316 135363
1317 131396
1318 136065
1319 166912
1320 138509
1321 140092
1322 145121
1323 140262
1324 144750
1325 142507
1326 139731
1327 145542
1328 139361
1329 136235
1330 133008
1331 138499
1332 140262
1333 135533
1334 137457
1335 136385
1336 132588
1337 134862
1338 133249
1339 135263
1340 139020
1341 144340
1342 133018
1343 136616
1344 136625
1345 168886
1346 153267
1347 132638
1348 138559
1349 142297
1350 136786
1351 141154
1352 142917
1353 144400
1354 143969
1355 149941
1356 138890
1357 158186
1358 154389
1359 160560
1360 152055
1361 160370
1362 149811
1363 151473
1364 158476
1365 155401
1366 151083
1367 164838
1368 171481
1369 316742
1370 159489
1371 191128
1372 141034
1373 151954
1374 138058
1375 145232
1376 143428
1377 141324
1378 140312
1379 145643
1380 140573
1381 140844
1382 146043
1383 153918
1384 148107
1385 150091
1386 148347
1387 140493
1388 145081
1389 146184
1390 167273
1391 147696
1392 153006
1393 209602
1394 186148
1395 172964
1396 171461
1397 174096
1398 220713
1399 164207
1400 165540
1401 240149
1402 178383
1403 152054
1404 150732
1405 143368
1406 146955
1407 142496
1408 142446
1409 145161
1410 152495
1411 154249
1412 150982
1413 154960
1414 166762
1415 170018
1416 144430
1417 146564
1418 165720
1419 158046
1420 152495
1421 143599
1422 172602
1423 151784
1424 180027
1425 152957
1426 164157
1427 157244
1428 185187
1429 174787
1430 157064
1431 159388
1432 157945
1433 200215
1434 146825
1435 143478
1436 154038
1437 149349
1438 148889
1439 150121
1440 154829
1441 166581
1442 144710
1443 147255
1444 147035
1445 147847
1446 153117
1447 144952
1448 151974
1449 147766
1450 146414
1451 151053
1452 157855
1453 156292
1454 150431
1455 151113
1456 171881
1457 154509
1458 146965
1459 172502
1460 159017
1461 148859
1462 269454
1463 156382
1464 144591
1465 153687
1466 151003
1467 163165
1468 154329
1469 155682
1470 151092
1471 159017
1472 154228
1473 151664
1474 161412
1475 157685
1476 148467
1477 157865
1478 156052
1479 154819
1480 159688
1481 163175
1482 157574
1483 159969
1484 161061
1485 166592
1486 154299
1487 154970
1488 152836
1489 160660
1490 156963
1491 154869
1492 155851
1493 155561
1494 158236
1495 164317
1496 146313
1497 170740
1498 166502
1499 168455
1500 158296
1501 163536
1502 155531
1503 153647
1504 150872
1505 163206
1506 155491
1507 157955
1508 156883
1509 161823
1510 152315
1511 158827
1512 160320
1513 162584
1514 158196
1515 153036
1516 165450
1517 160260
1518 158667
1519 159869
1520 154980
1521 160020
1522 155861
1523 188263
1524 158948
1525 159669
1526 171661
1527 170058
1528 163236
1529 159078
1530 160280
1531 154549
1532 160981
1533 161993
1534 165921
1535 162133
1536 161191
1537 153487
1538 162574
1539 164148
1540 159278
1541 153557
1542 160360
1543 161352
1544 169407
1545 167994
1546 168254
1547 160991
1548 165740
1549 168335
1550 164237
1551 163937
1552 168755
1553 174356
1554 169327
1555 167002
1556 166251
1557 162333
1558 160510
1559 168856
1560 160501
1561 164969
1562 164237
1563 156513
1564 160901
1565 171972
1566 174286
1567 155511
1568 158446
1569 169517
1570 171250
1571 175018
1572 163847
1573 155811
1574 172602
1575 166641
1576 160120
1577 170159
1578 162855
1579 167333
1580 158446
1581 176550
1582 167733
1583 166792
1584 167082
1585 171791
1586 170459
1587 175328
1588 165590
1589 176901
1590 165139
1591 163756
1592 172492
1593 171591
1594 163396
1595 179756
1596 176100
1597 160971
1598 171151
1599 180448
1600 169266
1601 171401
1602 170640
1603 161241
1604 164227
1605 167052
1606 167223
1607 165509
1608 161202
1609 165940
1610 171671
1611 170229
1612 168756
1613 157555
1614 166561
1615 164598
1616 163626
1617 165219
1618 186208
1619 168335
1620 194323
1621 166972
1622 171270
1623 184545
1624 176059
1625 166492
1626 165750
1627 170549
1628 170299
1629 162675
1630 169988
1631 166692
1632 175077
1633 177412
1634 180528
1635 166672
1636 203921
1637 167252
1638 173715
1639 173184
1640 177142
1641 182381
1642 172242
1643 176099
1644 176029
1645 179786
1646 189424
1647 172052
1648 172974
1649 179726
1650 170590
1651 166312
1652 182521
1653 178644
1654 169236
1655 169587
1656 181840
1657 178824
1658 210423
1659 171351
1660 182031
1661 174627
1662 178053
1663 172793
1664 167573
1665 176110
1666 174176
1667 170609
1668 182601
1669 170929
1670 177903
1671 169437
1672 180167
1673 175418
1674 180327
1675 184255
1676 185888
1677 174386
1678 188793
1679 189564
1680 190637
1681 181870
1682 182130
1683 178564
1684 176400
1685 187180
1686 183593
1687 183603
1688 173054
1689 176981
1690 173204
1691 190767
1692 184165
1693 183514
1694 178834
1695 180307
1696 182752
1697 177301
1698 172253
1699 175338
1700 177602
1701 234428
1702 183734
1703 182932
1704 181540
1705 218639
1706 189094
1707 182452
1708 187761
1709 188753
1710 193001
1711 185097
1712 184375
1713 244437
1714 187771
1715 176771
1716 178634
1717 186579
1718 183964
1719 200836
1720 190165
1721 178815
1722 190807
1723 187310
1724 183544
1725 195275
1726 181560
1727 188883
1728 185697
1729 188682
1730 188312
1731 200566
1732 199503
1733 186509
1734 179776
1735 205534
1736 192340
1737 225792
1738 197048
1739 186870
1740 188152
1741 187080
1742 184375
1743 192600
1744 196267
1745 185467
1746 178003
1747 178534
1748 183423
1749 187240
1750 195135
1751 189815
1752 194103
1753 186950
1754 177653
1755 189665
1756 185286
1757 180778
1758 191418
1759 180457
1760 187210
1761 185366
1762 190106
1763 322623
1764 192039
1765 211286
1766 189284
1767 184906
1768 197730
1769 189655
1770 199774
1771 188964
1772 201126
1773 192520
1774 188433
1775 193903
1776 224109
1777 230321
1778 189855
1779 185306
1780 189835
1781 185668
1782 203460
1783 187541
1784 203330
1785 226714
1786 187290
1787 187280
1788 191328
1789 194293
1790 188302
1791 191318
1792 202669
1793 225672
1794 204393
1795 200665
1796 190195
1797 191559
1798 205695
1799 232555
1800 225402
1801 212838
1802 209542
1803 192701
1804 195305
1805 197689
1806 187651
1807 194013
1808 190636
1809 192580
1810 208099
1811 199894
1812 194353
1813 192530
1814 184646
1815 193312
1816 189585
1817 198181
1818 201136
1819 189214
1820 222667
1821 217066
1822 216485
1823 211285
1824 218569
1825 241402
1826 228878
1827 203270
1828 259215
1829 207208
1830 433531
1831 221735
1832 235691
1833 294571
1834 289381
1835 188953
1836 187962
1837 206055
1838 194173
1839 197640
1840 194725
1841 195336
1842 203981
1843 197079
1844 190026
1845 210424
1846 195827
1847 195155
1848 210113
1849 202829
1850 210784
1851 209712
1852 252783
1853 196437
1854 189434
1855 206817
1856 200164
1857 200405
1858 215784
1859 232866
1860 195656
1861 212848
1862 242674
1863 208810
1864 229169
1865 199934
1866 222346
1867 211064
1868 200245
1869 194223
1870 201797
1871 206476
1872 203651
1873 204453
1874 195827
1875 202398
1876 200315
1877 211055
1878 213870
1879 202379
1880 235070
1881 217638
1882 247293
1883 208220
1884 226414
1885 225392
1886 204322
1887 209421
1888 200034
1889 220673
1890 202229
1891 203100
1892 197079
1893 200946
1894 199934
1895 223207
1896 219942
1897 208219
1898 241291
1899 216164
1900 215954
1901 212247
1902 207307
1903 330518
1904 198952
1905 206406
1906 216565
1907 285555
1908 210965
1909 200916
1910 201056
1911 204262
1912 202889
1913 201197
1914 219911
1915 240620
1916 206145
1917 218999
1918 214952
1919 198652
1920 212457
1921 209632
1922 204042
1923 213369
1924 224681
1925 214301
1926 220021
1927 218689
1928 209842
1929 220722
1930 222366
1931 203821
1932 204613
1933 212477
1934 203030
1935 220723
1936 216856
1937 221074
1938 216104
1939 198291
1940 197970
1941 209271
1942 208039
1943 220973
1944 224320
1945 223999
1946 224620
1947 217888
1948 207107
1949 206436
1950 217387
1951 231372
1952 240560
1953 201457
1954 207868
1955 216145
1956 240099
1957 248645
1958 241171
1959 199163
1960 208850
1961 215303
1962 485628
1963 236602
1964 230401
1965 219300
1966 223228
1967 295543
1968 212407
1969 224400
1970 213499
1971 245590
1972 227997
1973 241021
1974 210434
1975 225151
1976 213069
1977 212387
1978 207999
1979 206487
1980 289191
1981 222506
1982 256510
1983 263663
1984 368219
1985 295293
1986 217727
1987 215453
1988 211315
1989 212157
1990 223499
1991 217557
1992 214662
1993 221635
1994 227376
1995 217998
1996 214271
1997 207418
1998 237024
1999 226614
2000 219170
